2,1,155,265,26,59,1,-1,-1,-1
3,1,155.95,262.137,28.2201,64.0386,1,-1,-1,-1
3,2,247,197,28.326,64.279,1,-1,-1,-1
3,3,10,148,86.667,196.67,1,-1,-1,-1
6,2,270.971,202.522,25.8838,58.7364,1,-1,-1,-1
7,1,148.295,184.01,67.8325,153.927,1,-1,-1,-1
7,2,276.533,201.558,25.9093,58.7943,1,-1,-1,-1
8,1,153.568,170.952,74.2605,168.513,1,-1,-1,-1
8,2,283.407,203.679,25.9331,58.8483,1,-1,-1,-1
9,1,156.453,166.172,76.7404,174.14,1,-1,-1,-1
9,2,290.894,204.74,25.9538,58.8951,1,-1,-1,-1
10,1,157.805,166.205,80.5383,182.759,1,-1,-1,-1
10,2,298.689,202.846,27.3629,62.093,1,-1,-1,-1
11,1,165.197,167.845,81.9747,186.019,1,-1,-1,-1
11,2,306.667,204.025,26.782,60.7746,1,-1,-1,-1
12,1,175.382,175.418,79.0107,179.293,1,-1,-1,-1
12,2,315.882,202.401,27.7278,62.9211,1,-1,-1,-1
13,1,181.818,174.674,80.0196,181.583,1,-1,-1,-1
13,2,322.315,201.441,28.2388,64.0808,1,-1,-1,-1
14,1,191.51,174.226,80.4373,182.531,1,-1,-1,-1
14,2,332.845,200.35,29.9459,67.9545,1,-1,-1,-1
15,1,205.341,167.007,84.4186,191.566,1,-1,-1,-1
15,2,343.527,199.852,30.8206,69.9393,1,-1,-1,-1
16,1,212.162,163.001,86.5008,196.292,1,-1,-1,-1
16,2,352.365,200.21,29.7727,67.5617,1,-1,-1,-1
17,1,214.603,161.122,87.3981,198.328,1,-1,-1,-1
17,2,356.023,198.223,29.0236,65.8618,1,-1,-1,-1
18,1,214.688,160.512,87.6249,198.843,1,-1,-1,-1
19,1,216.631,160.514,92.1192,209.043,1,-1,-1,-1
20,1,218.74,174.445,86.3249,195.894,1,-1,-1,-1
21,1,214.937,176.527,86.2677,195.764,1,-1,-1,-1
22,1,215.159,169.462,90.9808,206.46,1,-1,-1,-1
23,1,215.257,165.035,93.6256,212.462,1,-1,-1,-1
35,11,435.373,198.66,29.0506,65.9223,1,-1,-1,-1
36,11,446.746,204.494,26.2291,59.5196,1,-1,-1,-1
37,11,454.086,207.323,26.6583,60.4938,1,-1,-1,-1
38,11,457.124,199.486,30.5024,69.2173,1,-1,-1,-1
39,11,461.177,202.589,28.1528,63.8853,1,-1,-1,-1
40,11,464.807,206.754,26.6853,60.5553,1,-1,-1,-1
123,29,497,187,36.769,83.436,1,-1,-1,-1
124,29,499.746,195.982,32.732,74.2757,1,-1,-1,-1
125,29,499.713,194.872,32.592,73.9585,1,-1,-1,-1
128,31,286.582,183.896,32.1115,72.8688,1,-1,-1,-1
129,29,502.02,199.011,28.6935,65.1121,1,-1,-1,-1
129,31,283.565,187.688,30.4919,69.1936,1,-1,-1,-1
130,29,503.372,200.518,28.1451,63.8679,1,-1,-1,-1
130,31,282.234,189.931,29.5415,67.037,1,-1,-1,-1
131,29,503.491,201.249,26.6077,60.379,1,-1,-1,-1
131,31,281.673,191.342,28.9537,65.7032,1,-1,-1,-1
132,29,503.453,203.856,25.8055,58.5587,1,-1,-1,-1
132,31,281.503,192.231,28.5931,64.885,1,-1,-1,-1
138,31,284.998,193.097,28.2852,64.1864,1,-1,-1,-1
157,37,485.838,169.791,45.2272,102.631,1,-1,-1,-1
161,38,492.456,188.587,37.9677,86.1571,1,-1,-1,-1
162,38,491.04,196.158,32.2182,73.1106,1,-1,-1,-1
163,38,491.318,199.376,30.8231,69.9447,1,-1,-1,-1
164,38,488.531,201.384,28.7288,65.1926,1,-1,-1,-1
167,39,490.135,197.613,33.423,75.8447,1,-1,-1,-1
168,39,490.279,189.652,37.8752,85.9477,1,-1,-1,-1
169,39,490.511,186.18,39.6934,90.0736,1,-1,-1,-1
170,39,490.697,184.635,40.4406,91.769,1,-1,-1,-1
181,40,495.257,184.115,39.796,90.306,1,-1,-1,-1
182,40,494.631,191.338,36.4591,82.7343,1,-1,-1,-1
183,40,496.262,187.266,38.8366,88.1292,1,-1,-1,-1
184,40,497.052,185.321,39.9309,90.6125,1,-1,-1,-1
185,40,498.852,193.229,34.0936,77.3665,1,-1,-1,-1
186,40,502.322,198.441,30.1852,68.4976,1,-1,-1,-1
187,40,502.452,200.723,29.4908,66.9217,1,-1,-1,-1
188,40,501.652,202.163,27.9768,63.4862,1,-1,-1,-1
189,40,500.308,200.015,30.6081,69.4575,1,-1,-1,-1
196,40,499.629,202.369,28.5847,64.8655,1,-1,-1,-1
197,40,501.198,203.638,27.3822,62.1366,1,-1,-1,-1
198,40,498.741,201.526,29.4257,66.7738,1,-1,-1,-1
199,40,497.369,200.371,30.5358,69.293,1,-1,-1,-1
200,40,498.441,200.361,29.6311,67.2402,1,-1,-1,-1
201,40,497.483,199.923,30.428,69.0483,1,-1,-1,-1
202,40,498.705,200.311,29.4116,66.742,1,-1,-1,-1
203,40,497.755,200.044,30.2121,68.5585,1,-1,-1,-1
204,40,498.316,202.724,27.9565,63.44,1,-1,-1,-1
208,40,494.171,192.987,32.3685,73.4514,1,-1,-1,-1
212,40,492.246,207.305,27.3699,62.1088,1,-1,-1,-1
213,40,491.143,208.993,26.3848,59.8734,1,-1,-1,-1
214,40,490.64,207.947,27.2561,61.8507,1,-1,-1,-1
215,40,490.507,207.112,27.8367,63.1684,1,-1,-1,-1
216,40,488.222,205.919,29.6712,67.3311,1,-1,-1,-1
217,40,482.903,194.688,34.2215,77.6563,1,-1,-1,-1
218,40,484.089,199.31,31.8272,72.2234,1,-1,-1,-1
218,42,501.565,166.428,45.7016,103.707,1,-1,-1,-1
219,40,482.348,202.172,31.453,71.3744,1,-1,-1,-1
221,43,172.951,100.803,125.53,284.85,1,-1,-1,-1
222,43,184.303,100.702,125.53,284.85,1,-1,-1,-1
223,43,189.029,99.5775,113.332,257.172,1,-1,-1,-1
224,43,191.463,87.9093,118.777,269.527,1,-1,-1,-1
225,43,192.022,81.288,122.359,277.655,1,-1,-1,-1
226,43,200.147,97.8907,112.406,255.072,1,-1,-1,-1
227,43,204.508,99.2673,106.196,240.981,1,-1,-1,-1
228,43,215.554,108.976,103.006,233.743,1,-1,-1,-1
229,43,221.14,114.133,101.838,231.094,1,-1,-1,-1
230,43,223.755,101.054,106.592,241.878,1,-1,-1,-1
240,50,291.253,126.902,84.5172,191.791,1,-1,-1,-1
241,50,290.675,123.49,86.0164,195.193,1,-1,-1,-1
250,56,306.529,123.853,80.9582,183.715,1,-1,-1,-1
251,56,314.518,124.423,80.1073,181.784,1,-1,-1,-1
252,56,317.904,124.738,79.7721,181.023,1,-1,-1,-1
253,56,326.311,124.91,79.6782,180.81,1,-1,-1,-1
254,56,330.288,124.998,79.6995,180.858,1,-1,-1,-1
255,56,331.682,133.115,76.4915,173.577,1,-1,-1,-1
256,62,430.042,136.781,79.9637,181.455,1,-1,-1,-1
260,62,379.116,129.241,91.1729,206.894,1,-1,-1,-1
261,62,362.744,129.236,94.3888,214.193,1,-1,-1,-1
262,62,339.069,128.25,101.262,229.79,1,-1,-1,-1
263,62,313.214,123.672,109.262,247.942,1,-1,-1,-1
264,62,297.03,126.108,108.492,246.193,1,-1,-1,-1
275,72,311.046,142.988,50.6588,114.956,1,-1,-1,-1
278,75,226.317,154.729,55.9835,127.041,1,-1,-1,-1
280,78,248.472,206.965,60.6311,137.585,1,-1,-1,-1
284,79,152.477,186.22,85.7645,194.617,1,-1,-1,-1
285,79,160.768,210.02,74.9774,170.139,1,-1,-1,-1
286,79,174.263,212.865,73.2668,166.257,1,-1,-1,-1
287,79,186.019,227.903,65.5962,148.851,1,-1,-1,-1
288,79,192.59,233.671,68.9077,156.366,1,-1,-1,-1
288,83,227.165,207.968,54.66,124.037,1,-1,-1,-1
289,79,202.019,229.023,71.317,161.833,1,-1,-1,-1
289,83,239.167,209.4,56.8314,128.965,1,-1,-1,-1
290,79,214.825,234.198,76.328,173.205,1,-1,-1,-1
291,79,231.906,240.114,75.7996,172.005,1,-1,-1,-1
292,79,235.31,230.148,87.4229,198.383,1,-1,-1,-1
293,79,239.64,218.403,98.9676,224.581,1,-1,-1,-1
294,79,250.175,221.439,104.461,237.047,1,-1,-1,-1
295,79,258.38,236.767,101.383,230.064,1,-1,-1,-1
300,89,419.672,161,74.286,168.57,1,-1,-1,-1
301,89,430.901,161,74.286,168.57,1,-1,-1,-1
302,89,433.02,153.27,77.9895,176.975,1,-1,-1,-1
303,89,445.631,154.755,72.7211,165.02,1,-1,-1,-1
303,90,397.034,194.588,44.5271,101.042,1,-1,-1,-1
304,89,454.451,157.873,73.2306,166.176,1,-1,-1,-1
304,90,397.329,194.594,44.3804,100.71,1,-1,-1,-1
305,89,460.948,158.008,70.057,158.974,1,-1,-1,-1
305,90,402.947,195.55,41.8416,94.9483,1,-1,-1,-1
306,89,467.329,167.29,64.973,147.438,1,-1,-1,-1
306,90,396.324,193.044,48.0239,108.977,1,-1,-1,-1
306,93,341.787,201.663,50.554,114.719,1,-1,-1,-1
307,90,391.379,192.269,48.6524,110.403,1,-1,-1,-1
307,93,338.69,197.519,51.0577,115.862,1,-1,-1,-1
308,90,398.391,205.148,44.4447,100.855,1,-1,-1,-1
308,93,340.615,189.446,54.5953,123.891,1,-1,-1,-1
309,90,405.634,203.645,46.2183,104.88,1,-1,-1,-1
309,93,346.141,185.411,56.3133,127.79,1,-1,-1,-1
309,94,293.948,164.745,66.8895,151.788,1,-1,-1,-1
309,96,500.254,140.204,110.205,250.077,1,-1,-1,-1
310,90,409.591,202.289,47.2881,107.307,1,-1,-1,-1
310,93,348.768,188.795,57.109,129.596,1,-1,-1,-1
310,96,485.827,137.279,121.474,275.647,1,-1,-1,-1
311,93,354.948,191.036,57.3945,130.244,1,-1,-1,-1
311,96,479.82,136.474,125.929,285.756,1,-1,-1,-1
312,93,357.966,192.376,57.4106,130.28,1,-1,-1,-1
312,96,477.495,136.292,127.581,289.506,1,-1,-1,-1
313,93,359.04,193.068,57.3088,130.049,1,-1,-1,-1
313,96,476.995,125.184,127.886,290.197,1,-1,-1,-1
314,93,361.367,188.093,60.3086,136.856,1,-1,-1,-1
314,96,466.334,141.195,127.559,289.454,1,-1,-1,-1
315,93,364.569,182.227,65.3643,148.328,1,-1,-1,-1
316,93,366.069,179.227,67.9253,154.139,1,-1,-1,-1
316,99,325.337,171.153,75.1422,170.516,1,-1,-1,-1
317,93,380.317,180.711,65.7472,149.195,1,-1,-1,-1
317,99,325.616,181.466,69.3067,157.273,1,-1,-1,-1
318,93,388.119,187.235,64.0871,145.428,1,-1,-1,-1
318,99,322.186,176.736,72.2336,163.914,1,-1,-1,-1
319,93,408.364,191.186,62.9904,142.939,1,-1,-1,-1
319,99,326.625,167.558,77.2351,175.264,1,-1,-1,-1
319,104,20.6386,145.641,76.226,172.973,1,-1,-1,-1
320,93,424.64,185.075,65.7842,149.279,1,-1,-1,-1
320,99,336.563,162.672,79.8055,181.098,1,-1,-1,-1
320,104,20.1923,148.663,74.8835,169.927,1,-1,-1,-1
321,93,444.356,181.291,67.3896,152.922,1,-1,-1,-1
321,99,348.821,160.504,80.9032,183.589,1,-1,-1,-1
322,93,465.774,172.879,68.1886,154.735,1,-1,-1,-1
322,99,364.301,151.791,85.0448,192.988,1,-1,-1,-1
323,93,486.642,164.234,72.1464,163.716,1,-1,-1,-1
323,106,58.478,123.925,78.8356,178.895,1,-1,-1,-1
324,93,502.87,163.977,70.6393,160.296,1,-1,-1,-1
324,106,65.717,124.176,76.4361,173.45,1,-1,-1,-1
325,93,521.476,158.921,69.4631,157.627,1,-1,-1,-1
325,106,68.3805,124.742,75.2065,170.659,1,-1,-1,-1
326,99,422.68,135.697,93.8144,212.889,1,-1,-1,-1
326,106,69.0364,125.352,74.5598,169.192,1,-1,-1,-1
327,99,428.007,139.061,91.5306,207.706,1,-1,-1,-1
327,106,68.7529,119.444,74.2412,168.469,1,-1,-1,-1
327,108,541.97,134.124,87.0902,197.629,1,-1,-1,-1
328,99,437.322,142.337,89.5551,203.223,1,-1,-1,-1
328,108,552.906,129.905,89.2113,202.443,1,-1,-1,-1
329,99,444.887,179.295,72.7105,164.999,1,-1,-1,-1
329,108,561.244,137.933,85.5018,194.025,1,-1,-1,-1
330,99,443.93,165.969,78.6715,178.526,1,-1,-1,-1
331,99,439.701,147.785,87.5604,198.698,1,-1,-1,-1
332,99,433.674,126.146,98.1649,222.762,1,-1,-1,-1
333,99,432.992,125.816,98.1014,222.618,1,-1,-1,-1
334,99,439.082,116.204,102.777,233.229,1,-1,-1,-1
335,99,443.257,106.531,109.597,248.702,1,-1,-1,-1
336,99,444.81,107.367,108.315,245.793,1,-1,-1,-1
336,110,565.323,104.996,93.8115,212.884,1,-1,-1,-1
337,99,456.306,94.1011,111.474,252.958,1,-1,-1,-1
338,99,461.324,81.9347,120.832,274.194,1,-1,-1,-1
339,99,463.487,76.4545,125.52,284.831,1,-1,-1,-1
340,99,474.899,74.7241,127.448,289.205,1,-1,-1,-1
341,99,480.763,74.8766,127.864,290.147,1,-1,-1,-1
342,99,483.079,75.7836,127.563,289.465,1,-1,-1,-1
343,99,505.969,76.8246,127.021,288.234,1,-1,-1,-1
344,114,221.64,168.187,37.9847,86.1961,1,-1,-1,-1
345,114,216.155,171.554,39.3957,89.3979,1,-1,-1,-1
346,114,209.34,171.05,42.4948,96.4307,1,-1,-1,-1
346,116,52.8624,121.524,76.5035,173.603,1,-1,-1,-1
347,114,206.283,170.746,43.885,99.5852,1,-1,-1,-1
347,116,67.0571,138.993,70.8367,160.744,1,-1,-1,-1
348,114,209.273,170.499,44.4401,100.845,1,-1,-1,-1
348,116,79.2643,140.318,68.2234,154.814,1,-1,-1,-1
349,114,203.316,170.299,44.5578,101.112,1,-1,-1,-1
349,116,91.6455,151.184,63.6248,144.378,1,-1,-1,-1
350,114,198.395,166.089,46.8158,106.236,1,-1,-1,-1
351,114,194.294,167.716,45.6652,103.625,1,-1,-1,-1
352,114,192.507,168.879,44.8012,101.664,1,-1,-1,-1
353,114,189.16,165.531,46.5958,105.737,1,-1,-1,-1
354,114,195.17,165.772,43.1792,97.9834,1,-1,-1,-1
356,124,116.511,140.993,67.8305,153.922,1,-1,-1,-1
357,122,167.507,133.753,66.8965,151.803,1,-1,-1,-1
357,124,124.25,137.967,68.2923,154.97,1,-1,-1,-1
358,122,169.294,133.973,67.9734,154.246,1,-1,-1,-1
358,124,126.838,136.722,68.4176,155.255,1,-1,-1,-1
359,122,171.556,142.27,72.1572,163.74,1,-1,-1,-1
359,124,126.571,158.552,64.9667,147.424,1,-1,-1,-1
360,122,169.666,157.761,70.6672,160.359,1,-1,-1,-1
360,124,130.942,170.444,62.984,142.924,1,-1,-1,-1
361,122,167.936,166.333,69.5066,157.726,1,-1,-1,-1
361,124,127.568,176.145,61.984,140.655,1,-1,-1,-1
362,122,166.613,164.501,68.7139,155.927,1,-1,-1,-1
362,124,125.027,172.332,61.6058,139.796,1,-1,-1,-1
363,122,173.786,171.571,64.946,147.376,1,-1,-1,-1
364,122,176.165,171.622,66.1279,150.058,1,-1,-1,-1
365,122,177.137,170.905,67.0146,152.071,1,-1,-1,-1
366,124,127.422,168.248,66.4369,150.759,1,-1,-1,-1
367,124,135.002,159.862,64.3951,146.126,1,-1,-1,-1
368,124,153.331,150.693,66.4548,150.8,1,-1,-1,-1
369,122,203.385,155.509,68.1246,154.59,1,-1,-1,-1
369,124,165.655,139.991,74.83,169.806,1,-1,-1,-1
370,122,207.595,150.827,75.2907,170.852,1,-1,-1,-1
370,124,175.649,147.171,72.3709,164.226,1,-1,-1,-1
371,122,221.089,156.921,69.2013,157.033,1,-1,-1,-1
371,124,181.586,155.704,67.2421,152.587,1,-1,-1,-1
372,122,228.694,157.754,68.3192,155.031,1,-1,-1,-1
372,124,187.682,157.704,67.2659,152.641,1,-1,-1,-1
373,122,242.149,167.36,64.5725,146.529,1,-1,-1,-1
373,124,196.83,162.04,64.1027,145.463,1,-1,-1,-1
374,124,206.737,170.111,62.33,141.44,1,-1,-1,-1
375,124,216.374,175.462,58.4791,132.703,1,-1,-1,-1
376,124,220.571,170.896,59.6107,135.27,1,-1,-1,-1
377,122,278.668,199.566,50.7843,115.241,1,-1,-1,-1
377,124,222.112,163.918,64.1364,145.54,1,-1,-1,-1
378,122,277.381,179.791,59.285,134.531,1,-1,-1,-1
378,130,34,82.9872,125.53,284.85,1,-1,-1,-1
379,130,34,77.7029,125.53,284.85,1,-1,-1,-1
379,131,448.453,190.327,40.7719,92.5203,1,-1,-1,-1
382,122,277.548,156.273,68.6867,155.865,1,-1,-1,-1
383,122,280.358,161.425,68.9368,156.433,1,-1,-1,-1
383,131,447.024,201.448,38.5122,87.3924,1,-1,-1,-1
384,122,275.87,154.502,72.4985,164.515,1,-1,-1,-1
385,122,279.951,150.719,74.3127,168.631,1,-1,-1,-1
386,122,282.304,148.992,75.0579,170.322,1,-1,-1,-1
386,132,229.351,157.998,66.8616,151.723,1,-1,-1,-1
387,122,276.496,148.473,75.2126,170.673,1,-1,-1,-1
387,131,429.113,192.736,39.4685,89.5626,1,-1,-1,-1
387,132,225.736,160.031,64.4208,146.184,1,-1,-1,-1
388,122,272.919,148.566,75.0888,170.392,1,-1,-1,-1
388,131,423.895,191.589,39.9238,90.5957,1,-1,-1,-1
389,122,271.016,148.899,74.8724,169.901,1,-1,-1,-1
390,122,266.591,162.8,67.9851,154.272,1,-1,-1,-1
390,133,508.154,129.213,104.43,236.975,1,-1,-1,-1
391,122,261.629,161.993,67.0158,152.073,1,-1,-1,-1
391,132,208.739,165.121,65.5757,148.805,1,-1,-1,-1
391,133,508.12,129.386,104.336,236.761,1,-1,-1,-1
392,122,259.72,165.901,60.4824,137.248,1,-1,-1,-1
392,132,206.341,163.933,64.0171,145.268,1,-1,-1,-1
392,133,508.088,119.312,104.248,236.562,1,-1,-1,-1
393,122,246.453,162.559,63.451,143.985,1,-1,-1,-1
393,132,199.298,159.958,66.3741,150.617,1,-1,-1,-1
393,133,502.394,116.34,117.64,266.951,1,-1,-1,-1
394,122,243.421,163.791,62.1838,141.109,1,-1,-1,-1
394,132,195.872,157.909,67.6852,153.592,1,-1,-1,-1
394,133,499.648,104.173,124.159,281.743,1,-1,-1,-1
395,122,244.363,160.789,65.1073,147.743,1,-1,-1,-1
395,132,194.666,157.075,68.3024,154.993,1,-1,-1,-1
395,133,498.423,97.9887,127.055,288.312,1,-1,-1,-1
396,122,242.198,169.252,60.5802,137.471,1,-1,-1,-1
396,132,188.273,156.915,68.5075,155.458,1,-1,-1,-1
397,122,239.122,169.548,64.3957,146.129,1,-1,-1,-1
397,132,186.802,166.224,65.2189,147.996,1,-1,-1,-1
398,122,240.091,178.559,60.3399,136.926,1,-1,-1,-1
398,132,191.863,171.807,63.1631,143.331,1,-1,-1,-1
399,122,242.872,172.007,60.9259,138.255,1,-1,-1,-1
399,132,195.269,174.637,62.0803,140.873,1,-1,-1,-1
400,122,239.316,159.121,68.7523,156.015,1,-1,-1,-1
400,132,196.645,166.351,65.1053,147.738,1,-1,-1,-1
401,122,236.834,165.85,66.0712,149.93,1,-1,-1,-1
401,132,190.96,161.187,66.9424,151.907,1,-1,-1,-1
402,122,231.021,161.183,67.4522,153.064,1,-1,-1,-1
402,132,187.551,158.373,67.9271,154.141,1,-1,-1,-1
403,122,232.544,167.742,64.8506,147.16,1,-1,-1,-1
403,132,188.548,167.205,62.1858,141.114,1,-1,-1,-1
404,122,233.912,166.05,63.1802,143.369,1,-1,-1,-1
404,132,188.415,166.025,61.5626,139.699,1,-1,-1,-1
405,122,234.925,164.932,62.2638,141.29,1,-1,-1,-1
405,132,188.48,165.113,61.434,139.407,1,-1,-1,-1
406,122,239.602,165.962,58.8159,133.467,1,-1,-1,-1
406,132,188.614,164.498,61.542,139.652,1,-1,-1,-1
407,122,244.014,163.155,54.1306,122.835,1,-1,-1,-1
408,122,240.438,157.916,57.7519,131.052,1,-1,-1,-1
409,122,242.122,162.173,56.9952,129.336,1,-1,-1,-1
410,122,238.932,163.15,59.8073,135.717,1,-1,-1,-1
410,132,187.923,151.289,64.1633,145.6,1,-1,-1,-1
411,122,231.801,158.579,61.4488,139.441,1,-1,-1,-1
411,132,182.73,152.531,63.1525,143.306,1,-1,-1,-1
412,122,227.814,161.135,62.2857,141.34,1,-1,-1,-1
412,132,174.562,158.782,62.5287,141.891,1,-1,-1,-1
413,122,230.551,159.247,59.6126,135.275,1,-1,-1,-1
413,132,170.18,157.284,62.2002,141.145,1,-1,-1,-1
414,122,227.436,163.44,57.8857,131.357,1,-1,-1,-1
414,132,170.01,163.073,59.0231,133.937,1,-1,-1,-1
415,122,220.604,158.959,60.0768,136.329,1,-1,-1,-1
415,132,168.824,159.392,60.3201,136.88,1,-1,-1,-1
416,122,211.791,161.486,61.4174,139.37,1,-1,-1,-1
416,132,162.785,156.947,61.2498,138.989,1,-1,-1,-1
417,122,210.659,170.348,56.4476,128.093,1,-1,-1,-1
417,132,159.668,160.725,61.8368,140.321,1,-1,-1,-1
418,122,207.477,169.85,56.0995,127.303,1,-1,-1,-1
418,132,160.707,164.664,59.1284,134.176,1,-1,-1,-1
419,122,206.242,174.258,56.113,127.335,1,-1,-1,-1
419,132,157.217,166.851,57.4833,130.444,1,-1,-1,-1
420,122,200.879,171.271,56.2765,127.706,1,-1,-1,-1
420,132,155.502,167.822,56.6495,128.552,1,-1,-1,-1
421,122,193.605,169.133,56.4691,128.143,1,-1,-1,-1
421,132,149.679,168.067,56.3411,127.853,1,-1,-1,-1
422,122,188.81,160.775,59.7934,135.686,1,-1,-1,-1
422,132,146.672,167.951,56.3213,127.808,1,-1,-1,-1
422,142,280.038,193.854,28.7293,65.1938,1,-1,-1,-1
423,122,182.793,163.033,58.577,132.927,1,-1,-1,-1
423,132,140.268,162.503,56.4276,128.049,1,-1,-1,-1
423,142,271.377,192.083,29.8367,67.7066,1,-1,-1,-1
424,122,180.095,164.808,57.708,130.955,1,-1,-1,-1
424,132,133.016,151.679,59.7279,135.538,1,-1,-1,-1
424,142,263.374,188.026,32.1673,72.9954,1,-1,-1,-1
425,122,179.316,167.09,54.4153,123.482,1,-1,-1,-1
425,132,128.402,153.292,58.5126,132.78,1,-1,-1,-1
425,142,258.787,186.12,31.6538,71.8301,1,-1,-1,-1
426,122,174.354,162.128,55.3126,125.519,1,-1,-1,-1
426,132,121.956,154.947,57.6571,130.839,1,-1,-1,-1
426,142,254.18,185.314,31.2927,71.0105,1,-1,-1,-1
427,122,172.558,160.915,53.1984,120.721,1,-1,-1,-1
427,132,113.84,156.277,57.1319,129.648,1,-1,-1,-1
427,142,247.173,179.283,32.6394,74.0668,1,-1,-1,-1
427,145,416.505,102.036,130.385,295.867,1,-1,-1,-1
428,122,166.304,153.456,54.9035,124.59,1,-1,-1,-1
428,132,110.038,151.991,56.8565,129.023,1,-1,-1,-1
428,142,241.09,178.972,31.8288,72.2271,1,-1,-1,-1
428,145,408.519,89.3938,132.258,300.117,1,-1,-1,-1
429,122,164.351,151.714,53.2021,120.729,1,-1,-1,-1
429,132,103.635,149.569,56.7441,128.768,1,-1,-1,-1
429,142,235.618,179.262,31.2801,70.9821,1,-1,-1,-1
429,145,382.855,95.2924,131.871,299.239,1,-1,-1,-1
430,122,159.25,155.888,52.2196,118.499,1,-1,-1,-1
430,132,100.803,148.43,56.724,128.723,1,-1,-1,-1
430,142,227.608,179.745,30.9567,70.2481,1,-1,-1,-1
430,145,361.234,110.149,130.672,296.519,1,-1,-1,-1
431,122,156.844,154.081,51.7542,117.443,1,-1,-1,-1
431,132,100.059,148.067,56.747,128.775,1,-1,-1,-1
431,142,223.899,180.208,30.7966,69.8848,1,-1,-1,-1
431,145,355.1,148.371,108.9,247.117,1,-1,-1,-1
432,122,157.212,158.853,49.2557,111.773,1,-1,-1,-1
432,132,99.7472,154.987,54.0125,122.569,1,-1,-1,-1
432,142,220.454,177.675,30.7393,69.7546,1,-1,-1,-1
432,145,348.627,171.276,93.948,213.189,1,-1,-1,-1
433,122,153.914,161.765,47.8797,108.65,1,-1,-1,-1
433,142,215.254,176.225,32.3317,73.3683,1,-1,-1,-1
434,122,152.341,163.261,47.29,107.312,1,-1,-1,-1
434,142,214.138,180.132,30.288,68.7309,1,-1,-1,-1
435,122,147.188,159.793,47.1641,107.026,1,-1,-1,-1
435,142,211.389,180.896,30.4302,69.0535,1,-1,-1,-1
436,122,142.794,155.734,49.7077,112.798,1,-1,-1,-1
436,142,207.465,178.35,30.5759,69.384,1,-1,-1,-1
437,122,138.437,146.46,54.1267,122.827,1,-1,-1,-1
437,142,203.401,176.793,30.6929,69.6495,1,-1,-1,-1
438,122,136.491,150.056,51.3984,116.635,1,-1,-1,-1
439,122,133.705,151.145,51.8269,117.607,1,-1,-1,-1
442,148,517.412,83.8019,125.53,284.85,1,-1,-1,-1
444,151,244.573,79,125.53,284.85,1,-1,-1,-1
445,151,243.612,79,125.53,284.85,1,-1,-1,-1
446,148,471.314,127.571,111.867,253.849,1,-1,-1,-1
446,151,243.812,79,125.53,284.85,1,-1,-1,-1
447,148,461.161,138.794,107.346,243.592,1,-1,-1,-1
447,151,232.939,79,125.53,284.85,1,-1,-1,-1
448,148,456.687,145.051,104.702,237.592,1,-1,-1,-1
448,151,227.553,79,125.53,284.85,1,-1,-1,-1
448,154,139.217,162.31,49.4701,112.259,1,-1,-1,-1
449,151,225.382,90.0351,125.53,284.85,1,-1,-1,-1
449,154,141.128,161.385,51.3468,116.518,1,-1,-1,-1
450,151,224.994,96.2893,125.53,284.85,1,-1,-1,-1
450,154,148.979,162.237,49.529,112.393,1,-1,-1,-1
450,156,57.6932,265.048,86.9722,197.363,1,-1,-1,-1
451,151,225.446,99.2768,125.53,284.85,1,-1,-1,-1
451,154,155.787,161.504,51.0085,115.75,1,-1,-1,-1
451,156,74.7016,268.713,86.9054,197.211,1,-1,-1,-1
451,157,211.998,180.863,30.9621,70.2602,1,-1,-1,-1
452,148,479.888,107.049,126.759,287.64,1,-1,-1,-1
452,151,226.16,100.275,125.53,284.85,1,-1,-1,-1
452,154,163.706,161.125,51.7868,117.516,1,-1,-1,-1
452,156,92.6789,272.396,82.6494,187.553,1,-1,-1,-1
453,148,481.309,100.314,127.431,289.165,1,-1,-1,-1
453,151,226.84,89.2427,125.53,284.85,1,-1,-1,-1
453,154,172.678,162.052,49.8141,113.04,1,-1,-1,-1
453,156,108.07,266.605,80.4559,182.575,1,-1,-1,-1
453,159,366.161,216.352,40.2526,91.3423,1,-1,-1,-1
454,148,481.635,96.9965,127.323,288.919,1,-1,-1,-1
454,151,238.35,93.4703,125.53,284.85,1,-1,-1,-1
454,154,180.984,161.494,50.9568,115.633,1,-1,-1,-1
454,156,114.414,263.03,79.4495,180.291,1,-1,-1,-1
454,159,365.832,220.942,39.8962,90.5335,1,-1,-1,-1
455,151,244.982,96.1841,125.53,284.85,1,-1,-1,-1
455,154,193.36,162.295,49.2939,111.859,1,-1,-1,-1
455,156,121.001,250.371,83.1097,188.597,1,-1,-1,-1
455,159,368.935,222.767,39.7838,90.2784,1,-1,-1,-1
456,151,248.195,97.7019,125.53,284.85,1,-1,-1,-1
456,154,199.904,161.617,50.6836,115.013,1,-1,-1,-1
456,156,128.704,247.284,90.0321,204.307,1,-1,-1,-1
456,159,377.259,223.36,39.7757,90.26,1,-1,-1,-1
457,151,260.867,87.4189,125.53,284.85,1,-1,-1,-1
457,156,140.918,257.457,89.1967,202.411,1,-1,-1,-1
457,159,382.342,224.471,42.1308,95.6043,1,-1,-1,-1
458,151,267.473,81.3516,125.53,284.85,1,-1,-1,-1
458,156,146.496,263.911,88.3264,200.436,1,-1,-1,-1
459,151,283.365,83.2975,117.903,267.542,1,-1,-1,-1
459,156,156.226,267.476,87.6169,198.826,1,-1,-1,-1
460,151,291.514,85.2694,113.312,257.124,1,-1,-1,-1
460,156,159.882,258.035,91.7359,208.174,1,-1,-1,-1
460,162,483.401,124.2,122.191,277.273,1,-1,-1,-1
461,151,292.233,81.2432,119.114,270.291,1,-1,-1,-1
461,156,160.656,252.263,93.9926,213.295,1,-1,-1,-1
461,162,486.939,148.394,111.332,252.634,1,-1,-1,-1
462,151,291.297,79.1759,122.799,278.652,1,-1,-1,-1
462,156,168.707,249.177,95.0411,215.675,1,-1,-1,-1
463,151,289.831,89.2915,124.879,283.373,1,-1,-1,-1
463,156,172.575,256.514,95.3788,216.441,1,-1,-1,-1
464,151,277.447,84.3757,125.88,285.644,1,-1,-1,-1
464,156,173.884,261.146,95.3505,216.377,1,-1,-1,-1
465,151,270.078,81.2,126.228,286.434,1,-1,-1,-1
465,156,180.723,273.962,90.7341,205.901,1,-1,-1,-1
466,151,266.337,79.4082,126.232,286.442,1,-1,-1,-1
466,156,177.165,270.674,92.4523,209.8,1,-1,-1,-1
467,151,264.894,78.5681,126.089,286.119,1,-1,-1,-1
467,156,181.322,270.197,89.0799,202.147,1,-1,-1,-1
468,151,264.718,78.3023,125.915,285.723,1,-1,-1,-1
468,156,184.567,258.539,91.7345,208.171,1,-1,-1,-1
469,151,265.113,67.349,125.762,285.376,1,-1,-1,-1
469,156,192.961,262.642,88.8813,201.696,1,-1,-1,-1
470,167,402.095,222.49,47.7992,108.467,1,-1,-1,-1
471,167,404.559,223.218,46.0583,104.517,1,-1,-1,-1
473,151,266.776,57.9265,125.525,284.838,1,-1,-1,-1
474,151,266.958,58.1931,125.513,284.812,1,-1,-1,-1
475,151,267.043,58.6797,125.512,284.809,1,-1,-1,-1
476,151,267.07,59.1584,125.515,284.816,1,-1,-1,-1
477,151,267.067,59.5333,125.519,284.826,1,-1,-1,-1
478,151,280.265,65.9372,117.89,267.513,1,-1,-1,-1
479,151,274.557,74.3739,121.222,275.075,1,-1,-1,-1
480,151,270.611,67.9246,123.487,280.215,1,-1,-1,-1
481,151,268.212,74.576,124.849,283.306,1,-1,-1,-1
482,151,255.39,67.3116,125.559,284.916,1,-1,-1,-1
483,151,248.259,62.7465,125.851,285.579,1,-1,-1,-1
484,151,234.007,71.2411,125.909,285.709,1,-1,-1,-1
485,151,232.437,81.3829,118.249,268.327,1,-1,-1,-1
486,151,232.999,77.3776,113.573,257.716,1,-1,-1,-1
487,151,233.119,80.765,106.625,241.952,1,-1,-1,-1
487,177,386.388,224.784,81.6068,185.186,1,-1,-1,-1
488,151,238.433,78.5085,97.5941,221.462,1,-1,-1,-1
488,176,480.057,213.958,80.5428,182.769,1,-1,-1,-1
489,151,248.249,84.5115,84.608,191.995,1,-1,-1,-1
490,151,259.81,88.3332,67.3989,152.943,1,-1,-1,-1
491,151,263.507,89.605,61.1517,138.767,1,-1,-1,-1
492,151,264.381,89.2734,59.8627,135.842,1,-1,-1,-1
496,183,224.318,67.9079,111.403,252.799,1,-1,-1,-1
497,183,231.142,64.5266,108.489,246.186,1,-1,-1,-1
498,183,235.699,66.8243,111.767,253.623,1,-1,-1,-1
499,183,227.623,68.4649,113.077,256.595,1,-1,-1,-1
500,183,223.083,69.6079,113.42,257.372,1,-1,-1,-1
508,192,339.961,230.512,25.9153,58.8083,1,-1,-1,-1
509,192,343.361,227.492,24.8821,56.4635,1,-1,-1,-1
526,196,208,81.3055,125.53,284.85,1,-1,-1,-1
527,196,222.014,82.2182,125.53,284.85,1,-1,-1,-1
528,196,228.028,82.0287,125.53,284.85,1,-1,-1,-1
531,198,109.533,202.691,51.7652,117.467,1,-1,-1,-1
532,198,101.472,206.139,52.7402,119.679,1,-1,-1,-1
532,199,307.49,81.2904,58.5565,132.877,1,-1,-1,-1
533,198,97.9169,207.186,50.4632,114.512,1,-1,-1,-1
539,205,121.895,194.717,41.1864,93.4616,1,-1,-1,-1
540,205,114.797,151.342,61.8144,140.271,1,-1,-1,-1
541,205,111.402,128.323,72.8579,165.331,1,-1,-1,-1
542,205,110.204,119.427,77.0588,174.863,1,-1,-1,-1
543,205,108.177,116.17,81.4702,184.874,1,-1,-1,-1
544,205,107.323,116.605,82.9707,188.28,1,-1,-1,-1
545,205,99.5748,118.478,83.008,188.365,1,-1,-1,-1
546,205,98.1825,121.576,79.2645,179.869,1,-1,-1,-1
546,208,349.221,60.2295,72.7288,165.037,1,-1,-1,-1
547,205,99.7154,113.04,83.7969,190.155,1,-1,-1,-1
547,208,362.969,50.4457,74.4713,168.991,1,-1,-1,-1
548,205,101.075,108.491,86.2217,195.658,1,-1,-1,-1
548,208,375.555,50.0931,71.1719,161.504,1,-1,-1,-1
549,205,102.055,106.495,87.315,198.139,1,-1,-1,-1
550,205,95.1476,105.966,87.6401,198.877,1,-1,-1,-1
551,205,87.6886,95.1327,92.1701,209.158,1,-1,-1,-1
552,205,75.1473,98.0546,94.4989,214.443,1,-1,-1,-1
553,205,63.3707,96.9932,100.997,229.189,1,-1,-1,-1
554,205,48.5254,96.9003,104.225,236.512,1,-1,-1,-1
563,215,363.685,26.5045,81.9452,185.954,1,-1,-1,-1
587,221,184.58,160.037,63.3227,143.695,1,-1,-1,-1
588,221,176.399,156.823,67.3041,152.729,1,-1,-1,-1
589,221,154.828,143.417,76.1394,172.779,1,-1,-1,-1
590,221,136.381,136.831,80.3261,182.279,1,-1,-1,-1
591,221,120.801,134.166,81.9587,185.984,1,-1,-1,-1
592,221,99.6068,140.571,82.2423,186.628,1,-1,-1,-1
619,232,92.4249,135.59,68.7139,155.927,1,-1,-1,-1
628,233,170.82,92.4118,109.422,248.299,1,-1,-1,-1
629,233,172.052,103.034,105.636,239.71,1,-1,-1,-1
630,233,181.426,113.707,109.165,247.716,1,-1,-1,-1
646,240,270.868,150.14,79.6321,180.705,1,-1,-1,-1
647,240,268.183,153.168,78.0464,177.107,1,-1,-1,-1
648,240,267.188,153.591,77.7873,176.519,1,-1,-1,-1
660,246,270.183,132.686,78.5684,178.289,1,-1,-1,-1
663,247,201.937,248.036,45.406,103.037,1,-1,-1,-1
674,251,282.475,150,74.286,168.57,1,-1,-1,-1
675,251,268.479,139.27,83.1554,188.698,1,-1,-1,-1
681,256,353.174,234.192,63.1965,143.407,1,-1,-1,-1
686,258,260,138.253,74.286,168.57,1,-1,-1,-1
703,267,35.6936,161.972,92.3992,209.677,1,-1,-1,-1
704,267,15.4297,163.799,100.538,228.144,1,-1,-1,-1
705,267,0,164.354,103.864,235.692,1,-1,-1,-1
722,272,237.786,239.937,39.7014,90.0914,1,-1,-1,-1
723,272,236.189,241.304,34.997,79.4166,1,-1,-1,-1
728,274,84.6742,198.284,26.8049,60.8266,1,-1,-1,-1
729,274,79.7935,189.828,29.6236,67.223,1,-1,-1,-1
730,274,79.1357,189.866,32.543,73.848,1,-1,-1,-1
734,274,62.0836,196.789,36.6651,83.201,1,-1,-1,-1
735,274,56.2776,195.017,37.2669,84.5665,1,-1,-1,-1
736,274,54.0537,200.587,34.1768,77.5546,1,-1,-1,-1
737,274,48.3097,206.748,30.7215,69.7141,1,-1,-1,-1
738,274,42.2088,204.36,30.1106,68.3279,1,-1,-1,-1
739,274,34.6547,194.695,33.6435,76.3445,1,-1,-1,-1
740,274,29.4612,194.975,33.779,76.6523,1,-1,-1,-1
741,274,25.6269,197.199,32.2663,73.2197,1,-1,-1,-1
742,274,19.0993,198.738,31.3142,71.0591,1,-1,-1,-1
752,286,80.0976,95.5067,105.412,239.207,1,-1,-1,-1
753,286,76.1023,94.6055,105.769,240.015,1,-1,-1,-1
754,286,74.6451,94.8251,105.614,239.664,1,-1,-1,-1
755,286,74.2959,85.7705,105.283,238.913,1,-1,-1,-1
756,286,67.9841,84.8353,109.651,248.821,1,-1,-1,-1
756,288,32.2777,160.857,42.0303,95.3763,1,-1,-1,-1
756,290,202.248,132.331,103.873,235.707,1,-1,-1,-1
757,286,57.718,68.6388,119.932,272.152,1,-1,-1,-1
757,290,208.137,135.769,100.767,228.662,1,-1,-1,-1
758,286,41.5828,60.3823,125.121,283.924,1,-1,-1,-1
763,292,123.357,168.299,30.8524,70.0114,1,-1,-1,-1
764,292,122.202,169.439,30.6401,69.5295,1,-1,-1,-1
765,292,121.108,177.926,28.9955,65.7979,1,-1,-1,-1
766,292,118.237,180.485,29.7607,67.5341,1,-1,-1,-1
767,299,132.562,153.116,55.538,126.03,1,-1,-1,-1
770,304,170.443,149.421,59.8933,135.912,1,-1,-1,-1
771,295,49.038,146.872,51.3453,116.514,1,-1,-1,-1
771,304,165.317,148.504,58.6086,132.998,1,-1,-1,-1
772,304,160.703,145.702,61.2772,139.053,1,-1,-1,-1
773,304,152.731,144.514,62.4577,141.731,1,-1,-1,-1
773,306,64.8871,135.244,61.662,139.926,1,-1,-1,-1
774,304,145.408,139.388,66.3425,150.546,1,-1,-1,-1
774,306,63.8005,136.844,59.656,135.374,1,-1,-1,-1
775,304,142.099,136.855,68.2313,154.832,1,-1,-1,-1
775,306,58.3352,143.223,58.4721,132.688,1,-1,-1,-1
776,304,135.309,141.62,68.9737,156.517,1,-1,-1,-1
776,306,46.0109,141.886,57.73,131.005,1,-1,-1,-1
777,304,132.178,144.731,69.0956,156.793,1,-1,-1,-1
777,306,32.4597,132.727,64.0211,145.28,1,-1,-1,-1
778,304,124.86,141.857,72.5639,164.663,1,-1,-1,-1
779,310,96.1827,177.741,40,90.769,1,-1,-1,-1
780,310,95.3814,173.062,42.737,96.98,1,-1,-1,-1
782,304,112.754,118.402,91.8822,208.504,1,-1,-1,-1
783,304,102.882,116.44,95.2517,216.151,1,-1,-1,-1
784,304,94.2565,113.655,101.968,231.39,1,-1,-1,-1
784,313,238.735,123.623,110.377,250.468,1,-1,-1,-1
785,304,80.9587,112.709,105.078,238.449,1,-1,-1,-1
785,313,227.603,126.98,107.014,242.837,1,-1,-1,-1
786,304,67.9913,107.414,110.76,251.34,1,-1,-1,-1
787,304,59.0004,109.852,108.816,246.927,1,-1,-1,-1
788,304,40.2987,91.3083,119.617,271.437,1,-1,-1,-1
789,304,20.2824,81.3018,125.086,283.846,1,-1,-1,-1
792,318,75.8408,101.707,118.738,269.444,1,-1,-1,-1
793,320,179.323,203.886,33.2727,75.5039,1,-1,-1,-1
794,320,176.367,194.666,34.0971,77.3748,1,-1,-1,-1
795,320,172.497,199.16,32.6402,74.0687,1,-1,-1,-1
796,320,168.191,197.673,35.3537,80.2257,1,-1,-1,-1
797,320,163.069,194.253,36.6692,83.2106,1,-1,-1,-1
798,320,162.071,191.998,39.1132,88.7566,1,-1,-1,-1
799,320,165.336,206.975,32.9742,74.8259,1,-1,-1,-1
799,323,101.44,174.385,46.3356,105.146,1,-1,-1,-1
800,320,159.995,200.465,34.7481,78.8509,1,-1,-1,-1
800,323,97.8088,175.767,45.3477,102.904,1,-1,-1,-1
801,320,162.777,212.076,29.949,67.9609,1,-1,-1,-1
801,324,50.4564,167.645,49.2912,111.853,1,-1,-1,-1
802,320,162.64,221.426,26.8437,60.9143,1,-1,-1,-1
802,324,49.1581,160.743,54.7247,124.184,1,-1,-1,-1
803,324,48.8926,157.965,56.8959,129.111,1,-1,-1,-1
804,324,44.1483,156.898,57.7288,131.002,1,-1,-1,-1
804,326,199.483,193.921,34.9513,79.3124,1,-1,-1,-1
805,324,51.7885,156.661,57.915,131.425,1,-1,-1,-1
805,326,201.638,189.354,36.5585,82.9593,1,-1,-1,-1
805,327,168.228,221.736,30.2229,68.5823,1,-1,-1,-1
806,324,61.6216,156.821,57.7925,131.147,1,-1,-1,-1
806,326,202.481,187.349,37.1541,84.3106,1,-1,-1,-1
807,324,67.0492,157.125,57.5574,130.614,1,-1,-1,-1
807,326,205.714,180.355,41.6937,94.612,1,-1,-1,-1
808,324,69.5327,152.228,57.3193,130.073,1,-1,-1,-1
808,326,211.394,182.729,39.8011,90.317,1,-1,-1,-1
809,324,80.64,160.988,54.3742,123.389,1,-1,-1,-1
809,326,221.285,187.534,40.2285,91.2872,1,-1,-1,-1
809,328,171.828,168.837,56.2213,127.58,1,-1,-1,-1
810,324,85.8632,160.003,55.4341,125.795,1,-1,-1,-1
810,326,229.874,190.46,40.3615,91.5891,1,-1,-1,-1
810,328,180.04,172.474,57.4488,130.366,1,-1,-1,-1
811,324,93.0869,165.523,53.3695,121.109,1,-1,-1,-1
811,326,236.22,192.53,38.5254,87.4222,1,-1,-1,-1
811,328,183.318,168.602,57.7937,131.149,1,-1,-1,-1
812,324,96.3349,168.595,52.191,118.434,1,-1,-1,-1
812,326,238.865,193.531,37.3624,84.783,1,-1,-1,-1
812,328,184.392,172.242,57.7768,131.111,1,-1,-1,-1
813,324,97.2297,169.984,51.6462,117.198,1,-1,-1,-1
813,326,240.537,193.241,38.6407,87.684,1,-1,-1,-1
813,328,184.397,174.429,57.6064,130.725,1,-1,-1,-1
814,324,96.9445,170.369,51.4878,116.838,1,-1,-1,-1
814,326,240.728,192.877,39.4468,89.5132,1,-1,-1,-1
814,328,182.175,168.646,60.5272,137.352,1,-1,-1,-1
815,324,96.2192,170.25,51.5266,116.926,1,-1,-1,-1
815,326,241.961,187.291,42.172,95.6975,1,-1,-1,-1
815,328,185.825,197.564,50.3627,114.285,1,-1,-1,-1
816,324,95.4573,169.942,51.6405,117.184,1,-1,-1,-1
816,326,240.561,189.284,41.4148,93.9793,1,-1,-1,-1
817,324,89.6005,163.186,54.6475,124.009,1,-1,-1,-1
817,326,237.133,185.482,43.031,97.647,1,-1,-1,-1
818,324,86.2104,164.532,56.3229,127.811,1,-1,-1,-1
818,326,231.006,183.39,43.8627,99.5344,1,-1,-1,-1
819,324,84.5395,165.624,57.1278,129.638,1,-1,-1,-1
819,326,227.01,179.513,46.5671,105.671,1,-1,-1,-1
820,326,218.184,172.376,50.3446,114.243,1,-1,-1,-1
821,326,209.021,168.771,52.1902,118.432,1,-1,-1,-1
822,326,195.869,166.156,55.7368,126.48,1,-1,-1,-1
823,324,50.2742,149.358,66.3703,150.609,1,-1,-1,-1
823,326,188.184,163.535,60.5169,137.327,1,-1,-1,-1
824,324,44.1011,156.287,64.9493,147.385,1,-1,-1,-1
824,326,181.077,164.294,59.7646,135.621,1,-1,-1,-1
825,324,36.4801,160.808,63.7805,144.732,1,-1,-1,-1
825,326,176.553,158.274,61.9056,140.479,1,-1,-1,-1
826,324,24.8566,140.309,73.6799,167.196,1,-1,-1,-1
826,326,169.955,155.088,62.8508,142.623,1,-1,-1,-1
827,324,17.1968,141.577,71.9491,163.269,1,-1,-1,-1
827,326,158.502,155.444,66.4991,150.901,1,-1,-1,-1
828,326,152.982,156.191,68.2922,154.97,1,-1,-1,-1
829,326,144.715,150.533,68.9837,156.539,1,-1,-1,-1
830,326,132.793,140.043,80.2386,182.08,1,-1,-1,-1
830,338,196.923,187.34,58.8673,133.585,1,-1,-1,-1
831,326,129.659,143.609,78.8354,178.895,1,-1,-1,-1
832,326,114.231,138.987,80.5449,182.775,1,-1,-1,-1
836,326,73.3086,111.864,104.893,238.028,1,-1,-1,-1
837,326,61.4961,111.122,106.325,241.277,1,-1,-1,-1
