1,1,428,98,104,236,1,-1,-1,-1
1,2,332,82,104,236,1,-1,-1,-1
1,3,172,82,104,236,1,-1,-1,-1
1,4,84,104,94.545,214.55,1,-1,-1,-1
1,5,557,82,86.667,196.67,1,-1,-1,-1
1,6,506,115,56.877,129.07,1,-1,-1,-1
2,1,428,98,104,236,1,-1,-1,-1
2,2,332,82,104,236,1,-1,-1,-1
2,3,172,82,104,236,1,-1,-1,-1
2,4,69.7109,104,94.545,214.55,1,-1,-1,-1
2,5,562.709,87.7015,80.3285,182.285,1,-1,-1,-1
2,6,506,115,56.877,129.07,1,-1,-1,-1
3,1,428,98,104,236,1,-1,-1,-1
3,2,343.42,88.1075,95.7254,217.226,1,-1,-1,-1
3,3,172,82,104,236,1,-1,-1,-1
3,4,68.2348,104,94.545,214.55,1,-1,-1,-1
3,5,558.005,82.982,85.5663,194.172,1,-1,-1,-1
3,6,509.51,120.255,52.6069,119.379,1,-1,-1,-1
3,7,375,104,94.545,214.55,1,-1,-1,-1
3,8,323,157,26,59,1,-1,-1,-1
4,1,428,98,104,236,1,-1,-1,-1
4,2,348.899,84.2071,100.967,229.118,1,-1,-1,-1
4,3,182.233,87.4445,96.6064,219.224,1,-1,-1,-1
4,4,74.5766,118.156,88.3783,200.555,1,-1,-1,-1
4,5,556.568,81.5811,87.1379,197.738,1,-1,-1,-1
4,6,500.98,116.933,55.3094,125.512,1,-1,-1,-1
5,1,441.265,91.585,97.4715,221.187,1,-1,-1,-1
5,2,350.387,82.6629,103.083,233.921,1,-1,-1,-1
5,3,185.905,89.518,93.8654,213.005,1,-1,-1,-1
5,4,67.1909,123.258,86.1026,195.39,1,-1,-1,-1
5,5,556.226,81.2504,87.51,198.583,1,-1,-1,-1
5,6,503.454,109.279,56.4032,127.994,1,-1,-1,-1
6,1,447.027,98.5835,94.5315,214.517,1,-1,-1,-1
6,2,346.673,85.7718,109.174,247.74,1,-1,-1,-1
6,3,188.91,85.4974,99.2164,225.147,1,-1,-1,-1
6,4,63.8613,124.91,85.3597,193.704,1,-1,-1,-1
6,5,556.227,81.2515,87.5087,198.58,1,-1,-1,-1
7,1,449.313,102.29,93.3459,211.827,1,-1,-1,-1
7,2,348.059,83.7794,107.19,243.238,1,-1,-1,-1
7,3,189.985,83.4087,102.058,231.595,1,-1,-1,-1
7,4,48.4166,114.015,90.2045,204.699,1,-1,-1,-1
7,5,556.357,81.3771,87.3673,198.259,1,-1,-1,-1
7,7,392.482,94.3766,101.693,230.769,1,-1,-1,-1
7,9,157.081,75.0756,79.2395,179.814,1,-1,-1,-1
8,1,447.976,90.9884,98.8215,224.252,1,-1,-1,-1
8,2,355.572,95.3344,100.432,227.904,1,-1,-1,-1
8,3,197.085,95.1468,98.0912,222.594,1,-1,-1,-1
8,4,40.5462,107.777,92.9205,210.862,1,-1,-1,-1
8,5,548.302,81.5425,87.1812,197.837,1,-1,-1,-1
8,7,402.394,96.1065,104.382,236.869,1,-1,-1,-1
8,9,165.98,90.0383,67.3317,152.792,1,-1,-1,-1
9,1,446.686,84.6022,102.036,231.544,1,-1,-1,-1
9,2,361.974,89.2401,101.809,231.029,1,-1,-1,-1
9,3,200.654,101.849,95.6875,217.14,1,-1,-1,-1
9,4,35.3736,106.693,89.8489,203.892,1,-1,-1,-1
9,5,543.893,81.7008,87.0032,197.433,1,-1,-1,-1
9,9,161.52,82.4802,73.5898,166.993,1,-1,-1,-1
10,1,445.617,81.4235,103.754,235.442,1,-1,-1,-1
10,2,365.081,85.2184,102.827,233.338,1,-1,-1,-1
10,3,200.261,122.979,89.9438,204.106,1,-1,-1,-1
10,4,26.5828,104.197,92.4624,209.823,1,-1,-1,-1
10,5,541.856,81.8279,86.8603,197.109,1,-1,-1,-1
10,9,166.364,82.1172,73.4617,166.701,1,-1,-1,-1
11,1,445.394,73.7932,109.201,247.801,1,-1,-1,-1
11,2,366.173,82.8675,103.493,234.85,1,-1,-1,-1
11,4,22.5632,94.4569,93.9675,213.239,1,-1,-1,-1
11,5,541.23,81.9168,86.7605,196.882,1,-1,-1,-1
11,9,169.337,90.9505,66.6584,151.263,1,-1,-1,-1
12,1,453.898,76.3771,107.43,243.784,1,-1,-1,-1
12,2,372.495,85.6293,98.5139,223.553,1,-1,-1,-1
12,4,13.8057,94.3269,100.279,227.56,1,-1,-1,-1
12,5,541.33,81.9714,86.6992,196.743,1,-1,-1,-1
12,9,163.05,82.8013,73.4917,166.77,1,-1,-1,-1
12,12,229.034,124.559,81.0251,183.867,1,-1,-1,-1
13,1,458.742,78.6276,105.974,240.48,1,-1,-1,-1
13,2,375.718,87.5802,95.5162,216.751,1,-1,-1,-1
13,4,9.1805,98.5374,98.2033,222.85,1,-1,-1,-1
13,5,541.715,82.0003,86.6667,196.669,1,-1,-1,-1
13,9,159.275,78.0058,77.4973,175.86,1,-1,-1,-1
13,12,229.782,110.324,89.7214,203.602,1,-1,-1,-1
14,1,462.121,92.8128,99.6443,226.117,1,-1,-1,-1
14,2,376.945,88.7295,94.0217,213.36,1,-1,-1,-1
14,4,0,97.9779,102.032,231.537,1,-1,-1,-1
14,5,539.218,85.4079,82.8631,188.038,1,-1,-1,-1
14,9,157.25,75.4423,79.6335,180.707,1,-1,-1,-1
14,12,235.138,106.95,88.4023,200.608,1,-1,-1,-1
14,13,409.122,118.507,87.8703,199.402,1,-1,-1,-1
15,1,463.588,101.245,95.7944,217.382,1,-1,-1,-1
15,2,361.372,75.7882,99.1267,224.944,1,-1,-1,-1
15,4,0,97.798,104.006,236.016,1,-1,-1,-1
15,5,533.3,83.9328,84.5041,191.762,1,-1,-1,-1
15,9,165.376,85.1803,66.0157,149.805,1,-1,-1,-1
15,12,237.571,105.798,87.5842,198.752,1,-1,-1,-1
15,13,389.506,95.0146,98.2823,223.028,1,-1,-1,-1
16,1,453.426,101.789,99.4764,225.737,1,-1,-1,-1
16,4,0.969971,101.07,99.5152,225.826,1,-1,-1,-1
16,5,530.13,82.9232,85.632,194.321,1,-1,-1,-1
16,9,171.069,92.8353,56.4057,127.998,1,-1,-1,-1
16,12,238.472,105.728,87.077,197.601,1,-1,-1,-1
16,13,381.042,84.7597,102.685,233.017,1,-1,-1,-1
16,15,477.217,88.4663,103.19,234.165,1,-1,-1,-1
17,1,447.222,101.283,101.921,231.284,1,-1,-1,-1
17,4,0,99.6524,102.004,231.473,1,-1,-1,-1
17,5,533.369,78.21,82.5107,187.238,1,-1,-1,-1
17,9,168.813,89.8561,60.832,138.042,1,-1,-1,-1
17,12,242.59,95.0195,91.4362,207.493,1,-1,-1,-1
17,13,377.547,80.3017,104.593,237.347,1,-1,-1,-1
17,15,472.668,78.6108,105.959,240.447,1,-1,-1,-1
18,1,437.554,103.799,97.971,222.321,1,-1,-1,-1
18,4,0,98.7366,103.445,234.743,1,-1,-1,-1
18,5,535.705,83.1214,80.6399,182.993,1,-1,-1,-1
18,9,167.113,87.6798,64.1113,145.483,1,-1,-1,-1
18,12,244.642,89.3684,93.8346,212.937,1,-1,-1,-1
18,13,376.558,78.7837,105.262,238.866,1,-1,-1,-1
18,15,471.572,75.6192,106.629,241.967,1,-1,-1,-1
19,1,432.566,104.96,95.5498,216.828,1,-1,-1,-1
19,4,0,101.54,98.8139,224.234,1,-1,-1,-1
19,9,165.985,86.264,66.2553,150.348,1,-1,-1,-1
19,12,248.802,97.7987,90.5218,205.419,1,-1,-1,-1
19,13,376.813,78.7729,105.298,238.946,1,-1,-1,-1
19,15,481.554,75.5036,106.456,241.575,1,-1,-1,-1
19,17,584.371,105.861,58.2598,132.207,1,-1,-1,-1
20,1,418.359,101.667,99.8903,226.677,1,-1,-1,-1
20,4,0,113.542,91.5103,207.661,1,-1,-1,-1
20,9,170.295,91.8566,58.683,133.165,1,-1,-1,-1
20,12,247.351,101.176,92.8536,210.71,1,-1,-1,-1
20,13,377.563,79.4171,105.053,238.389,1,-1,-1,-1
20,15,487.578,76.6389,105.94,240.403,1,-1,-1,-1
20,17,584.126,105.815,58.7981,133.429,1,-1,-1,-1
21,1,420.338,99.5891,102.509,232.618,1,-1,-1,-1
21,4,0,120.565,87.238,197.966,1,-1,-1,-1
21,9,173.04,95.6496,53.7834,122.047,1,-1,-1,-1
21,12,255.035,102.575,83.0037,188.357,1,-1,-1,-1
21,13,387.628,80.2163,104.734,237.667,1,-1,-1,-1
21,15,490.964,78.157,105.347,239.058,1,-1,-1,-1
22,9,168.948,90.0357,61.1119,138.677,1,-1,-1,-1
22,12,258.212,94.9494,88.6277,201.12,1,-1,-1,-1
22,13,393.593,80.9197,104.449,237.02,1,-1,-1,-1
22,15,492.599,79.5714,104.826,237.874,1,-1,-1,-1
23,9,166.538,86.9205,65.3735,148.347,1,-1,-1,-1
23,12,259.56,90.6276,92.1124,209.028,1,-1,-1,-1
23,13,396.604,81.4385,104.237,236.537,1,-1,-1,-1
23,15,493.167,80.665,104.436,236.99,1,-1,-1,-1
24,9,165.248,85.3099,67.6328,153.474,1,-1,-1,-1
24,12,262.69,99.4348,89.5448,203.201,1,-1,-1,-1
24,13,407.001,81.7729,104.098,236.223,1,-1,-1,-1
24,15,500.623,85.3121,98.836,224.283,1,-1,-1,-1
24,17,548.844,104.319,80.422,182.499,1,-1,-1,-1
25,9,164.665,84.5931,68.6465,155.774,1,-1,-1,-1
25,12,269.855,93.9233,92.4268,209.742,1,-1,-1,-1
25,13,412.413,81.9606,104.019,236.044,1,-1,-1,-1
25,15,504.719,88.1486,95.4877,216.686,1,-1,-1,-1
26,9,164.489,84.3781,68.9465,156.455,1,-1,-1,-1
26,12,273.538,90.619,94.0495,213.425,1,-1,-1,-1
26,13,414.612,82.048,103.982,235.96,1,-1,-1,-1
26,15,506.524,89.5632,93.8438,212.957,1,-1,-1,-1
27,9,164.52,84.414,68.888,156.322,1,-1,-1,-1
27,12,277.249,99.7756,90.3704,205.075,1,-1,-1,-1
27,13,415.003,82.0749,103.97,235.933,1,-1,-1,-1
27,15,508.621,85.8008,98.933,224.505,1,-1,-1,-1
28,9,164.631,84.5486,68.6901,155.873,1,-1,-1,-1
28,12,284.56,94.3788,92.5811,210.092,1,-1,-1,-1
28,13,414.551,82.0709,103.971,235.935,1,-1,-1,-1
28,15,509.416,83.5209,102.043,231.561,1,-1,-1,-1
29,9,164.753,84.698,68.4735,155.381,1,-1,-1,-1
29,12,289.862,101.941,89.398,202.869,1,-1,-1,-1
29,13,413.837,82.0547,103.978,235.949,1,-1,-1,-1
29,15,509.476,82.2807,103.727,235.382,1,-1,-1,-1
30,1,459.639,73.2963,99.9908,226.902,1,-1,-1,-1
30,9,164.856,90.6044,68.2932,154.972,1,-1,-1,-1
30,12,290.39,95.3841,92.0556,208.9,1,-1,-1,-1
30,13,413.158,82.0366,103.985,235.966,1,-1,-1,-1
30,15,509.203,81.7094,104.485,237.102,1,-1,-1,-1
31,1,444.45,80.8602,96.3539,218.651,1,-1,-1,-1
31,9,164.929,93.9991,68.1652,154.682,1,-1,-1,-1
31,12,300.67,99.4559,82.4356,187.068,1,-1,-1,-1
31,13,407.953,94.6158,98.6353,223.828,1,-1,-1,-1
31,15,508.841,81.5294,104.704,237.598,1,-1,-1,-1
32,1,435.694,85.8145,94.4114,214.244,1,-1,-1,-1
32,9,160.235,83.8157,75.2277,170.709,1,-1,-1,-1
32,12,304.534,104.796,83.5298,189.551,1,-1,-1,-1
32,15,517.765,81.5496,104.652,237.48,1,-1,-1,-1
33,1,428.493,84.2817,99.3058,225.35,1,-1,-1,-1
33,9,162.245,83.5561,72.2153,163.873,1,-1,-1,-1
33,12,305.847,107.705,84.6375,192.064,1,-1,-1,-1
33,15,522.811,81.6504,104.497,237.127,1,-1,-1,-1
34,1,425.414,83.2544,102.243,232.014,1,-1,-1,-1
34,9,163.675,89.563,70.0529,158.966,1,-1,-1,-1
34,12,313.845,119.828,78.4946,178.123,1,-1,-1,-1
34,15,525.183,81.7646,104.329,236.747,1,-1,-1,-1
35,1,415.387,73.3251,103.809,235.567,1,-1,-1,-1
35,9,164.562,93.2379,68.7064,155.91,1,-1,-1,-1
35,12,317.935,117.898,78.2065,177.47,1,-1,-1,-1
35,15,532.24,85.7713,98.8457,224.306,1,-1,-1,-1
35,29,446.605,77.5694,104.43,236.975,1,-1,-1,-1
36,1,413.876,89.4841,99.1679,225.037,1,-1,-1,-1
36,9,165.03,95.1599,67.993,154.291,1,-1,-1,-1
36,12,319.398,113.399,82.4494,187.098,1,-1,-1,-1
36,15,535.834,88.2383,95.5493,216.826,1,-1,-1,-1
36,29,444.363,87.0254,97.8294,221.999,1,-1,-1,-1
37,9,170.185,96.551,58.9069,133.673,1,-1,-1,-1
37,12,319.554,110.466,85.041,192.98,1,-1,-1,-1
37,15,537.197,89.4774,93.9156,213.12,1,-1,-1,-1
37,29,444.038,90.8849,94.8039,215.135,1,-1,-1,-1
38,9,163.012,83.8238,70.4489,159.865,1,-1,-1,-1
38,12,326.018,111,82.6441,187.54,1,-1,-1,-1
38,15,537.325,89.9103,93.3484,211.833,1,-1,-1,-1
38,29,444.422,92.1255,93.5366,212.26,1,-1,-1,-1
39,9,159.024,77.262,76.7337,174.127,1,-1,-1,-1
39,12,329.368,104.517,81.0688,183.965,1,-1,-1,-1
39,15,539.703,85.6581,98.9975,224.651,1,-1,-1,-1
39,29,445.053,92.0695,93.1951,211.485,1,-1,-1,-1
40,9,157.006,74.2101,79.8965,181.304,1,-1,-1,-1
40,12,331.261,97.9109,84.0856,190.812,1,-1,-1,-1
40,15,546.011,87.2512,96.862,219.806,1,-1,-1,-1
40,29,445.695,91.4467,93.3163,211.761,1,-1,-1,-1
40,31,476,104,94.545,214.55,1,-1,-1,-1
41,9,156.172,73.1272,81.2148,184.296,1,-1,-1,-1
41,12,338.74,97.4227,82.0288,186.144,1,-1,-1,-1
41,15,549.293,88.2987,95.4711,216.65,1,-1,-1,-1
41,29,438.127,99.3705,93.6161,212.441,1,-1,-1,-1
41,31,466.469,93.7884,94.545,214.55,1,-1,-1,-1
42,9,155.992,73.0586,81.5182,184.985,1,-1,-1,-1
42,12,343.136,94.8387,84.6136,192.01,1,-1,-1,-1
42,15,550.621,88.8921,94.6875,214.872,1,-1,-1,-1
42,29,452.709,96.7076,82.7376,187.753,1,-1,-1,-1
42,31,471.341,120.071,82.3415,186.855,1,-1,-1,-1
43,9,165.062,84.1299,66.9247,151.868,1,-1,-1,-1
43,12,344.975,93.8097,86.1012,195.386,1,-1,-1,-1
43,15,545.585,84.9821,99.9126,226.728,1,-1,-1,-1
43,29,460.059,96.4447,83.1626,188.718,1,-1,-1,-1
43,31,482.326,115.756,83.0446,188.45,1,-1,-1,-1
44,9,161.313,79.6715,73.0563,165.783,1,-1,-1,-1
44,12,345.349,93.6293,86.8369,197.055,1,-1,-1,-1
44,15,547.535,86.8078,97.4549,221.152,1,-1,-1,-1
44,29,463.071,92.309,88.8454,201.614,1,-1,-1,-1
45,9,158.917,76.9937,76.926,174.564,1,-1,-1,-1
45,12,345.025,93.8367,87.1106,197.676,1,-1,-1,-1
45,15,553.219,98.868,91.3932,207.396,1,-1,-1,-1
45,29,464.175,90.0057,92.3068,209.47,1,-1,-1,-1
46,9,157.543,75.5226,79.1299,179.565,1,-1,-1,-1
46,12,352.566,94.1631,87.135,197.732,1,-1,-1,-1
46,15,556.461,105.982,87.7321,199.088,1,-1,-1,-1
46,29,464.214,88.8739,94.1858,213.734,1,-1,-1,-1
47,9,156.861,74.8167,80.2189,182.037,1,-1,-1,-1
47,12,356.658,94.4724,87.0494,197.538,1,-1,-1,-1
47,15,561.95,107.005,90.5951,205.585,1,-1,-1,-1
47,29,471.876,88.4356,95.0406,215.674,1,-1,-1,-1
47,31,519.648,107.517,87.5457,198.665,1,-1,-1,-1
48,9,156.604,74.5613,80.6293,182.968,1,-1,-1,-1
48,12,365.97,94.7112,86.9348,197.278,1,-1,-1,-1
48,15,559.964,93.8766,98.2765,223.015,1,-1,-1,-1
48,29,475.956,88.3686,95.2978,216.258,1,-1,-1,-1
48,31,515.603,105.13,91.5622,207.78,1,-1,-1,-1
49,1,432.999,84.7538,96.2163,218.342,1,-1,-1,-1
49,9,165.59,85.4117,66.1165,150.035,1,-1,-1,-1
49,12,370.727,94.8713,86.8315,197.043,1,-1,-1,-1
49,15,566.38,100.873,92.7229,210.412,1,-1,-1,-1
49,29,477.686,88.4695,95.2521,216.154,1,-1,-1,-1
49,31,511.73,103.953,93.8164,212.895,1,-1,-1,-1
50,1,430.211,94.4494,86.9554,197.325,1,-1,-1,-1
50,9,166.517,86.8213,65.1436,147.826,1,-1,-1,-1
50,12,372.584,94.9653,86.7541,196.867,1,-1,-1,-1
50,15,566.43,94.4596,93.5535,212.298,1,-1,-1,-1
50,29,478.069,88.6206,95.088,215.782,1,-1,-1,-1
50,31,508.712,103.487,94.8988,215.352,1,-1,-1,-1
51,1,428.75,100.044,81.2976,184.486,1,-1,-1,-1
51,9,171.739,93.8406,56.1769,127.479,1,-1,-1,-1
51,12,380.352,95.0121,86.7035,196.753,1,-1,-1,-1
51,15,549.187,90.6352,94.1055,213.551,1,-1,-1,-1
51,29,469.712,97.4341,94.9073,215.372,1,-1,-1,-1
51,31,498.572,94.7151,95.2784,216.214,1,-1,-1,-1
52,1,429.792,98.4849,75.1988,170.645,1,-1,-1,-1
52,9,164.013,83.4497,68.8541,156.246,1,-1,-1,-1
52,12,384.173,95.0294,86.6747,196.687,1,-1,-1,-1
52,15,555.765,88.6871,94.4277,214.283,1,-1,-1,-1
52,29,464.603,102.501,94.7566,215.03,1,-1,-1,-1
52,31,492.745,89.8453,95.2881,216.236,1,-1,-1,-1
53,1,418.188,90.0416,79.8707,181.247,1,-1,-1,-1
53,9,169.237,90.2659,60.113,136.411,1,-1,-1,-1
53,12,385.544,95.0306,86.6609,196.656,1,-1,-1,-1
53,15,560.232,87.9299,94.5873,214.645,1,-1,-1,-1
53,29,447.415,99.6418,90.1841,204.653,1,-1,-1,-1
53,31,481.255,96.2926,95.1403,215.9,1,-1,-1,-1
54,1,411.653,84.9105,83.1664,188.726,1,-1,-1,-1
54,9,172.636,95.0174,54.3246,123.275,1,-1,-1,-1
54,12,385.6,95.0249,86.6564,196.646,1,-1,-1,-1
54,29,438.062,97.5685,87.4566,198.463,1,-1,-1,-1
55,9,163.83,83.1409,68.9763,156.524,1,-1,-1,-1
55,12,393.184,95.0173,86.6566,196.646,1,-1,-1,-1
55,29,435.627,99.0425,82.3019,186.765,1,-1,-1,-1
55,48,504.284,89.6678,94.545,214.55,1,-1,-1,-1
56,9,159.157,77.4675,76.5322,173.67,1,-1,-1,-1
56,12,397.167,95.0106,86.6589,196.652,1,-1,-1,-1
56,29,425.68,104.511,83.4872,189.455,1,-1,-1,-1
56,48,504.441,89.5214,94.545,214.55,1,-1,-1,-1
57,9,156.857,74.8274,80.2029,182,1,-1,-1,-1
57,12,398.813,95.0056,86.6615,196.657,1,-1,-1,-1
57,29,420.933,107.533,84.6412,192.073,1,-1,-1,-1
57,48,504.588,80.4296,94.545,214.55,1,-1,-1,-1
58,9,155.941,73.8043,81.6611,185.309,1,-1,-1,-1
58,12,399.135,95.0023,86.6637,196.663,1,-1,-1,-1
58,29,419.357,93.8764,85.541,194.115,1,-1,-1,-1
58,48,504.715,84.3861,94.545,214.55,1,-1,-1,-1
59,9,155.773,73.621,81.9327,185.925,1,-1,-1,-1
59,12,398.832,95.0005,86.6653,196.666,1,-1,-1,-1
59,29,419.441,85.6786,86.1493,195.495,1,-1,-1,-1
59,48,511.829,90.2915,89.9995,204.234,1,-1,-1,-1
60,9,164.858,84.4495,67.3101,152.743,1,-1,-1,-1
60,12,398.328,94.9996,86.6664,196.669,1,-1,-1,-1
60,29,420.208,96.4975,86.5108,196.316,1,-1,-1,-1
60,48,517.574,90.2302,91.9936,208.76,1,-1,-1,-1
61,9,161.188,79.8903,73.2911,166.315,1,-1,-1,-1
61,12,404.663,99.9358,79.7436,180.958,1,-1,-1,-1
61,29,425.612,107.78,79.7741,181.027,1,-1,-1,-1
61,48,520.489,89.9698,93.336,211.806,1,-1,-1,-1
62,9,158.847,77.1174,77.0557,174.858,1,-1,-1,-1
62,29,422.734,114.444,75.6151,171.588,1,-1,-1,-1
62,48,527.372,93.0651,89.6519,203.445,1,-1,-1,-1
63,9,157.509,75.5772,79.1918,179.706,1,-1,-1,-1
63,29,420.996,117.659,73.5124,166.816,1,-1,-1,-1
63,48,530.839,94.8237,87.4359,198.416,1,-1,-1,-1
64,9,156.849,74.8296,80.2407,182.086,1,-1,-1,-1
64,29,424.632,109.309,76.1904,172.894,1,-1,-1,-1
64,48,532.139,95.6223,86.325,195.895,1,-1,-1,-1
65,9,156.603,74.5535,80.63,182.969,1,-1,-1,-1
65,12,385.892,83.8815,83.2001,188.802,1,-1,-1,-1
65,29,426.869,103.901,78.079,177.18,1,-1,-1,-1
65,48,532.249,95.8357,85.9228,194.982,1,-1,-1,-1
66,9,156.581,74.5286,80.6649,183.049,1,-1,-1,-1
66,12,382.653,81.4581,85.6079,194.266,1,-1,-1,-1
66,29,428.052,100.834,79.2566,179.852,1,-1,-1,-1
66,48,531.834,95.7537,85.9062,194.944,1,-1,-1,-1
67,9,156.658,74.6144,80.5436,182.773,1,-1,-1,-1
67,12,378.44,83.966,83.0319,188.42,1,-1,-1,-1
67,29,428.543,99.3751,79.9006,181.314,1,-1,-1,-1
67,48,534.115,91.9655,90.725,205.88,1,-1,-1,-1
68,9,161.249,85.9825,73.7397,167.333,1,-1,-1,-1
68,12,376.589,85.8849,81.2955,184.48,1,-1,-1,-1
68,29,428.64,98.8898,80.191,181.973,1,-1,-1,-1
68,48,539.909,93.2827,88.9387,201.826,1,-1,-1,-1
69,9,164.061,92.8685,69.4891,157.687,1,-1,-1,-1
69,12,376.106,87.1421,80.2856,182.188,1,-1,-1,-1
69,29,418.117,95.964,84.1804,191.026,1,-1,-1,-1
69,48,551.087,94.2025,87.7084,199.034,1,-1,-1,-1
70,9,165.483,96.3086,67.3126,152.748,1,-1,-1,-1
70,12,376.293,87.8526,79.7973,181.08,1,-1,-1,-1
70,48,552.361,83.1215,91.5922,207.848,1,-1,-1,-1
70,54,435.197,81.9314,87.4415,198.427,1,-1,-1,-1
71,9,165.993,97.5123,66.5254,150.961,1,-1,-1,-1
71,12,374.391,91.0334,76.3638,173.288,1,-1,-1,-1
71,48,556.836,80.8312,89.2774,202.594,1,-1,-1,-1
71,54,434.484,81.5249,87.7462,199.119,1,-1,-1,-1
72,9,168.243,89.2419,70.2631,159.443,1,-1,-1,-1
72,12,373.534,92.8366,74.438,168.917,1,-1,-1,-1
72,48,558.766,87.6411,87.7467,199.121,1,-1,-1,-1
73,9,162.376,80.5145,76.0378,172.547,1,-1,-1,-1
73,12,373.276,93.6483,73.5789,166.967,1,-1,-1,-1
73,48,559.222,84.5196,86.8705,197.132,1,-1,-1,-1
74,9,165.794,79.3041,75.8647,172.154,1,-1,-1,-1
74,12,368.646,90.865,76.7554,174.176,1,-1,-1,-1
74,48,554.288,78.5354,91.1046,206.741,1,-1,-1,-1
74,56,453.055,103.396,75.1689,170.576,1,-1,-1,-1
75,9,165.518,87.0907,71.9848,163.349,1,-1,-1,-1
75,12,366.168,89.1465,78.723,178.641,1,-1,-1,-1
75,48,555.758,86.878,89.0157,202,1,-1,-1,-1
75,56,452.31,101.621,77.6825,176.28,1,-1,-1,-1
76,9,165.328,92.0748,69.4722,157.648,1,-1,-1,-1
76,12,365.096,88.2038,79.7998,181.085,1,-1,-1,-1
76,48,564.157,92.0823,87.6373,198.872,1,-1,-1,-1
76,56,460.957,103.302,75.2856,170.84,1,-1,-1,-1
77,9,167.476,86.6458,71.7626,162.845,1,-1,-1,-1
77,12,364.832,87.7694,80.2907,182.199,1,-1,-1,-1
77,48,564.82,97.6919,83.0688,188.505,1,-1,-1,-1
77,56,465.235,104.11,74.1472,168.256,1,-1,-1,-1
78,9,166.387,91.2986,69.6289,158.003,1,-1,-1,-1
78,12,363.191,90.4448,77.2041,175.194,1,-1,-1,-1
78,48,561.276,97.6858,84.327,191.36,1,-1,-1,-1
78,56,467.142,104.428,73.6981,167.237,1,-1,-1,-1
78,57,524.737,86.3056,86.667,196.67,1,-1,-1,-1
79,9,165.653,94.0459,68.3813,155.172,1,-1,-1,-1
79,12,362.479,92.1426,75.2635,170.79,1,-1,-1,-1
79,48,558.905,97.1353,85.3351,193.648,1,-1,-1,-1
79,56,467.719,104.479,73.6242,167.069,1,-1,-1,-1
79,57,526.968,83.3144,86.667,196.67,1,-1,-1,-1
80,9,165.213,95.4091,67.7778,153.803,1,-1,-1,-1
80,12,355.357,93.0535,74.2276,168.439,1,-1,-1,-1
80,48,557.515,96.4681,86.0307,195.226,1,-1,-1,-1
80,56,465.739,91.3541,81.1721,184.198,1,-1,-1,-1
80,57,528.26,82.0248,86.667,196.67,1,-1,-1,-1
81,9,164.984,95.9017,67.576,153.345,1,-1,-1,-1
81,12,351.459,93.4317,73.7983,167.464,1,-1,-1,-1
81,48,556.715,100.845,79.5113,180.431,1,-1,-1,-1
81,56,474.099,91.2519,74.8595,169.873,1,-1,-1,-1
81,57,531.366,87.8986,79.4125,180.206,1,-1,-1,-1
82,9,171.25,95.9241,67.5865,153.369,1,-1,-1,-1
82,12,349.721,93.5028,73.7171,167.28,1,-1,-1,-1
82,48,553.057,101.23,78.8122,178.844,1,-1,-1,-1
82,56,477.189,95.0668,77.5377,175.951,1,-1,-1,-1
83,9,174.869,95.7434,67.6846,153.591,1,-1,-1,-1
83,12,350.948,90.4565,77.1762,175.13,1,-1,-1,-1
83,48,558.029,108.077,78.7618,178.73,1,-1,-1,-1
83,56,478.468,97.7215,79.1452,179.599,1,-1,-1,-1
83,60,378.499,99.5463,80.6662,183.051,1,-1,-1,-1
84,9,172.542,87.3312,71.4883,162.222,1,-1,-1,-1
84,12,352.116,88.7211,79.1677,179.65,1,-1,-1,-1
84,56,485.623,95.2154,76.7359,174.131,1,-1,-1,-1
85,9,170.864,82.5531,73.6048,167.025,1,-1,-1,-1
85,12,353.004,87.859,80.1629,181.909,1,-1,-1,-1
85,56,489.347,100.089,75.1929,170.629,1,-1,-1,-1
85,57,538.854,99.5042,79.211,179.749,1,-1,-1,-1
86,9,169.783,80.2401,74.6185,169.325,1,-1,-1,-1
86,12,347.66,91.2487,73.9194,167.74,1,-1,-1,-1
86,56,490.827,100.593,77.6979,176.314,1,-1,-1,-1
86,57,536.618,103.382,76.2283,172.98,1,-1,-1,-1
87,9,173.164,87.4033,71.4652,162.17,1,-1,-1,-1
87,12,344.74,93.6446,69.9059,158.632,1,-1,-1,-1
87,56,497.44,103.004,75.9169,172.272,1,-1,-1,-1
87,57,535.154,105.186,74.5318,169.13,1,-1,-1,-1
88,9,171.148,83.9418,72.9978,165.647,1,-1,-1,-1
88,12,341.041,93.7722,71.4445,162.123,1,-1,-1,-1
88,56,500.762,104.24,74.8174,169.777,1,-1,-1,-1
88,57,534.304,105.713,73.7551,167.366,1,-1,-1,-1
89,9,169.861,81.8887,73.899,167.692,1,-1,-1,-1
89,12,339.27,93.6741,72.6712,164.907,1,-1,-1,-1
89,56,503.627,91.7351,81.6308,185.239,1,-1,-1,-1
89,57,531.42,100.034,81.0027,183.814,1,-1,-1,-1
89,65,384,106,56.877,129.07,1,-1,-1,-1
90,9,169.143,80.8439,74.3551,168.727,1,-1,-1,-1
90,12,338.675,93.5006,73.5148,166.821,1,-1,-1,-1
90,56,511.15,95.0575,81.5166,184.98,1,-1,-1,-1
90,57,534.645,106.68,81.1546,184.159,1,-1,-1,-1
90,65,384,106,56.877,129.07,1,-1,-1,-1
91,9,172.819,88.4398,71.0017,161.118,1,-1,-1,-1
91,12,332.307,90.3666,77.3924,175.621,1,-1,-1,-1
91,56,513.124,99.6705,77.9556,176.899,1,-1,-1,-1
91,57,536.693,103.632,80.9833,183.771,1,-1,-1,-1
91,65,384,106,56.877,129.07,1,-1,-1,-1
92,9,175.048,87.2683,68.9279,156.412,1,-1,-1,-1
92,12,328.972,88.6273,79.5031,180.411,1,-1,-1,-1
92,56,515.284,93.321,78.946,179.147,1,-1,-1,-1
92,57,537.824,101.6,80.71,183.151,1,-1,-1,-1
92,65,384,106,56.877,129.07,1,-1,-1,-1
93,9,176.194,86.3313,67.8505,153.967,1,-1,-1,-1
93,12,327.579,87.7846,80.4782,182.624,1,-1,-1,-1
93,56,521.119,98.7651,76.3068,173.157,1,-1,-1,-1
94,9,176.64,85.6681,67.4302,153.014,1,-1,-1,-1
94,12,327.285,87.4765,80.7885,183.328,1,-1,-1,-1
94,56,518.763,92.8851,78.0837,177.19,1,-1,-1,-1
95,9,178.417,92.1549,64.0428,145.327,1,-1,-1,-1
95,12,327.513,87.4535,80.758,183.26,1,-1,-1,-1
95,56,518.48,85.8307,83.1712,188.735,1,-1,-1,-1
96,9,177.549,88.9429,65.6101,148.884,1,-1,-1,-1
96,12,320.938,90.3587,77.3631,175.555,1,-1,-1,-1
96,56,516.355,85.6101,82.1162,186.342,1,-1,-1,-1
97,9,176.869,86.7879,66.7619,151.497,1,-1,-1,-1
97,12,317.38,92.1809,75.2511,170.762,1,-1,-1,-1
97,56,514.976,86.0102,81.2346,184.341,1,-1,-1,-1
98,9,176.406,85.5182,67.5047,153.183,1,-1,-1,-1
98,12,315.81,93.1399,74.1425,168.245,1,-1,-1,-1
98,57,533.45,89.2139,83.9243,190.445,1,-1,-1,-1
98,68,380.906,112.853,60.8019,137.975,1,-1,-1,-1
99,9,177.835,91.7507,64.6183,146.633,1,-1,-1,-1
99,12,315.356,90.5436,77.08,174.912,1,-1,-1,-1
99,57,530.785,83.4395,86.0518,195.273,1,-1,-1,-1
99,68,380.251,109.927,61.821,140.287,1,-1,-1,-1
99,70,502.143,114.007,68.6229,155.721,1,-1,-1,-1
100,9,178.697,95.5057,62.8661,142.657,1,-1,-1,-1
100,12,315.517,91.8496,75.5859,171.521,1,-1,-1,-1
100,57,534.11,91.0817,83.2722,188.966,1,-1,-1,-1
100,68,381.147,111.996,55.9301,126.919,1,-1,-1,-1
100,70,506.323,150.176,52.7524,119.707,1,-1,-1,-1
101,9,177.359,90.3914,65.4193,148.451,1,-1,-1,-1
101,12,315.894,92.6475,74.6792,169.463,1,-1,-1,-1
101,57,536.328,96.1743,81.3981,184.713,1,-1,-1,-1
101,68,381.74,113.198,52.7503,119.703,1,-1,-1,-1
101,70,507.279,171.525,42.1056,95.5471,1,-1,-1,-1
102,9,178.26,94.0859,63.6503,144.436,1,-1,-1,-1
102,12,313.36,94.1448,70.6656,160.355,1,-1,-1,-1
102,57,542.214,101.363,77.0626,174.873,1,-1,-1,-1
102,68,382.062,113.726,51.2416,116.279,1,-1,-1,-1
103,9,178.799,96.261,62.5944,142.04,1,-1,-1,-1
103,12,308.555,93.8247,72.018,163.424,1,-1,-1,-1
103,57,548.385,94.8787,77.9312,176.845,1,-1,-1,-1
103,71,512.007,125.156,59.5,135.018,1,-1,-1,-1
104,9,177.301,90.3188,65.5026,148.639,1,-1,-1,-1
104,12,306.006,93.5265,73.049,165.764,1,-1,-1,-1
104,57,544.004,97.6752,78.7211,178.637,1,-1,-1,-1
104,71,512.426,92.6718,75.8348,172.086,1,-1,-1,-1
105,9,178.146,93.6779,63.8671,144.928,1,-1,-1,-1
105,12,304.932,93.2971,73.7339,167.318,1,-1,-1,-1
105,71,511.136,98.6321,74.294,168.59,1,-1,-1,-1
105,73,479.697,120.51,65.3855,148.374,1,-1,-1,-1
106,9,176.934,94.6,66.2229,150.274,1,-1,-1,-1
106,12,304.699,93.1417,74.1342,168.226,1,-1,-1,-1
106,71,504.547,97.8398,72.6535,164.867,1,-1,-1,-1
106,73,477.723,112.531,69.502,157.715,1,-1,-1,-1
106,74,565.06,93.0822,74.1925,168.359,1,-1,-1,-1
107,9,177.958,96.2124,64.238,145.77,1,-1,-1,-1
107,12,304.868,93.0477,74.3336,168.678,1,-1,-1,-1
107,71,501.18,99.0006,71.1372,161.426,1,-1,-1,-1
107,73,477.404,110.273,70.6983,160.43,1,-1,-1,-1
107,74,568.294,93.536,73.6803,167.196,1,-1,-1,-1
107,76,391.14,172.075,30.3712,68.9199,1,-1,-1,-1
108,9,176.867,90.1108,66.3569,150.578,1,-1,-1,-1
108,12,302.823,100.431,70.8708,160.821,1,-1,-1,-1
108,71,499.735,100.855,69.8943,158.606,1,-1,-1,-1
108,73,471.666,110.338,70.7291,160.5,1,-1,-1,-1
108,74,572.755,101.784,69.6829,158.125,1,-1,-1,-1
108,76,390.495,180.098,27.8709,63.2459,1,-1,-1,-1
109,9,177.954,93.403,64.2502,145.797,1,-1,-1,-1
109,12,301.819,104.752,68.7736,156.062,1,-1,-1,-1
109,71,493.019,102.679,68.9917,156.557,1,-1,-1,-1
109,73,468.991,111.391,70.2582,159.431,1,-1,-1,-1
109,74,574.786,105.891,67.7314,153.697,1,-1,-1,-1
109,76,387.225,177.688,28.0187,63.5815,1,-1,-1,-1
110,9,176.89,94.3689,66.3148,150.482,1,-1,-1,-1
110,12,303.07,106.613,61.4772,139.506,1,-1,-1,-1
110,71,495.931,104.132,68.413,155.244,1,-1,-1,-1
110,73,468.065,112.726,69.6326,158.012,1,-1,-1,-1
110,74,578.946,99.8626,70.7523,160.552,1,-1,-1,-1
111,9,176.269,94.9286,67.5204,153.218,1,-1,-1,-1
111,12,307.001,111.581,54.4031,123.453,1,-1,-1,-1
111,71,498.201,105.13,68.091,154.513,1,-1,-1,-1
111,73,461.699,113.948,69.0483,156.686,1,-1,-1,-1
111,74,580.915,96.029,72.6764,164.918,1,-1,-1,-1
111,79,370.147,176.092,34.3525,77.9547,1,-1,-1,-1
112,9,175.955,95.1872,68.1291,154.6,1,-1,-1,-1
112,12,305.201,110.439,56.8876,129.091,1,-1,-1,-1
112,71,501.439,111.445,64.6376,146.677,1,-1,-1,-1
112,73,458.463,114.884,68.5949,155.657,1,-1,-1,-1
112,74,581.568,93.82,73.7963,167.459,1,-1,-1,-1
112,79,370.145,176.111,34.2939,77.8216,1,-1,-1,-1
113,9,175.832,95.2596,68.3662,155.138,1,-1,-1,-1
113,12,303.996,109.263,59.0195,133.928,1,-1,-1,-1
113,71,501.606,109.285,66.0309,149.838,1,-1,-1,-1
113,73,454.182,124.453,62.1054,140.932,1,-1,-1,-1
113,74,581.525,92.7269,74.3633,168.746,1,-1,-1,-1
113,79,370.117,176.097,34.1299,77.4494,1,-1,-1,-1
113,82,384,115,56.877,129.07,1,-1,-1,-1
114,9,178.104,87.0884,72.0579,163.515,1,-1,-1,-1
114,12,303.292,108.323,60.5577,137.419,1,-1,-1,-1
114,71,503.285,113.476,63.6697,144.48,1,-1,-1,-1
114,73,449.504,120.916,64.636,146.674,1,-1,-1,-1
114,74,578.284,89.389,77.9279,176.835,1,-1,-1,-1
114,79,371.808,176.018,32.4184,73.5654,1,-1,-1,-1
114,82,384,115,56.877,129.07,1,-1,-1,-1
115,9,179.481,82.458,74.0135,167.952,1,-1,-1,-1
115,12,297.738,107.668,61.5366,139.64,1,-1,-1,-1
115,71,504.154,115.795,62.3471,141.479,1,-1,-1,-1
115,73,446.296,124.252,62.9881,142.934,1,-1,-1,-1
115,74,584.679,92.3631,70.0493,158.957,1,-1,-1,-1
115,82,381.414,109.821,60.3488,136.947,1,-1,-1,-1
116,9,180.177,80.2231,74.8787,169.915,1,-1,-1,-1
116,12,294.629,107.26,62.085,140.884,1,-1,-1,-1
116,71,504.494,111.622,61.7543,140.133,1,-1,-1,-1
116,73,443.911,129.442,59.086,134.08,1,-1,-1,-1
116,74,588.616,94.9012,64.8258,147.103,1,-1,-1,-1
116,82,382.578,112.149,58.7943,133.42,1,-1,-1,-1
117,9,178.068,81.6316,71.6181,162.517,1,-1,-1,-1
117,12,293.189,107.036,62.3425,141.468,1,-1,-1,-1
117,71,509.739,108.914,61.5988,139.781,1,-1,-1,-1
117,73,438.518,122.94,60.0455,136.257,1,-1,-1,-1
117,74,584.708,93.9283,69.2058,157.042,1,-1,-1,-1
117,82,383.324,113.643,57.7915,131.145,1,-1,-1,-1
118,9,179.092,80.6624,73.0676,165.806,1,-1,-1,-1
118,12,292.749,106.935,62.4258,141.657,1,-1,-1,-1
118,73,441.58,141.596,52.8795,119.996,1,-1,-1,-1
118,74,590.111,100.673,62.1829,141.107,1,-1,-1,-1
118,82,383.771,114.54,57.1877,129.775,1,-1,-1,-1
119,9,179.714,80.333,73.9204,167.741,1,-1,-1,-1
119,12,292.82,101.124,62.4186,141.641,1,-1,-1,-1
119,73,438.197,129.284,57.1286,129.638,1,-1,-1,-1
120,9,177.69,82.5671,70.8124,160.688,1,-1,-1,-1
120,12,291.33,96.6069,65.7952,149.303,1,-1,-1,-1
120,73,437.155,138.248,53.9521,122.429,1,-1,-1,-1
120,83,494,105.908,62.22,141.19,1,-1,-1,-1
121,9,178.811,81.7199,72.5219,164.567,1,-1,-1,-1
121,12,292.374,95.5406,64.304,145.919,1,-1,-1,-1
121,73,436.92,143.487,52.1488,118.337,1,-1,-1,-1
121,83,494,105.476,62.22,141.19,1,-1,-1,-1
122,9,182.987,89.2855,70.0153,158.88,1,-1,-1,-1
122,12,293.153,95.401,63.2376,143.499,1,-1,-1,-1
122,73,430.548,128.935,57.5365,130.563,1,-1,-1,-1
122,83,494,105.565,62.22,141.19,1,-1,-1,-1
123,9,181.893,85.5427,72.1754,163.781,1,-1,-1,-1
123,12,294.776,100.793,59.5613,135.158,1,-1,-1,-1
123,73,428.911,137.007,54.7731,124.292,1,-1,-1,-1
123,83,488.559,105.842,62.22,141.19,1,-1,-1,-1
124,9,184.507,85.3342,69.9178,158.658,1,-1,-1,-1
124,12,295.75,104.223,57.3839,130.218,1,-1,-1,-1
124,73,426.73,134.586,55.8154,126.659,1,-1,-1,-1
124,83,487.985,110.802,59.1394,134.201,1,-1,-1,-1
125,9,185.928,85.2042,68.5565,155.569,1,-1,-1,-1
125,12,288.392,90.89,67.0347,152.117,1,-1,-1,-1
125,73,420.626,123.7,59.6356,135.327,1,-1,-1,-1
125,82,390.128,107.035,67.9906,154.287,1,-1,-1,-1
125,83,487.968,113.758,57.3555,130.154,1,-1,-1,-1
126,9,188.254,91.9925,64.5572,146.494,1,-1,-1,-1
126,12,283.25,91.8402,68.5335,155.518,1,-1,-1,-1
126,73,417.549,117.612,61.7022,140.016,1,-1,-1,-1
126,82,389.708,111.017,65.6761,149.034,1,-1,-1,-1
126,83,486.425,123.337,53.7009,121.86,1,-1,-1,-1
127,9,189.43,95.9787,62.3072,141.388,1,-1,-1,-1
127,12,280.623,92.8997,69.0561,156.704,1,-1,-1,-1
127,73,410.573,114.737,62.6587,142.186,1,-1,-1,-1
127,83,485.729,128.629,51.7286,117.385,1,-1,-1,-1
128,9,189.85,97.8985,61.315,139.137,1,-1,-1,-1
128,12,279.592,93.7773,69.0688,156.733,1,-1,-1,-1
128,73,407.104,113.787,62.9686,142.889,1,-1,-1,-1
128,83,485.502,130.962,50.9306,115.573,1,-1,-1,-1
128,89,377.865,155.486,31.2017,70.804,1,-1,-1,-1
129,9,188.058,91.449,64.5687,146.52,1,-1,-1,-1
129,12,279.445,94.3972,68.8643,156.268,1,-1,-1,-1
129,73,398.873,108.03,66.337,150.533,1,-1,-1,-1
129,83,478.975,123.633,57.0693,129.503,1,-1,-1,-1
129,89,380.296,159.162,29.7117,67.423,1,-1,-1,-1
130,9,186.903,87.4576,66.607,151.146,1,-1,-1,-1
130,12,279.703,94.7821,68.6093,155.69,1,-1,-1,-1
130,73,396.54,110.954,64.7534,146.939,1,-1,-1,-1
130,83,475.503,119.196,60.5209,137.335,1,-1,-1,-1
131,9,182.73,82.8859,71.4339,162.099,1,-1,-1,-1
131,12,280.078,94.9893,68.3849,155.181,1,-1,-1,-1
131,73,396.066,113.234,63.5559,144.222,1,-1,-1,-1
131,83,475.586,123.993,56.5857,128.406,1,-1,-1,-1
132,9,185.548,89.674,67.2089,152.511,1,-1,-1,-1
132,12,280.425,95.0791,68.2195,154.805,1,-1,-1,-1
132,73,394.72,108.951,66.1694,150.153,1,-1,-1,-1
132,83,472.132,123.72,56.677,128.614,1,-1,-1,-1
133,9,187.486,94.1332,64.3218,145.96,1,-1,-1,-1
133,12,280.69,95.1009,68.1129,154.563,1,-1,-1,-1
133,73,394.431,106.575,67.6241,153.454,1,-1,-1,-1
133,83,470.443,123.457,56.7566,128.795,1,-1,-1,-1
134,9,188.636,96.6516,62.6296,142.119,1,-1,-1,-1
134,12,280.866,95.0894,68.0531,154.427,1,-1,-1,-1
134,73,390.551,111.159,65.0259,147.558,1,-1,-1,-1
134,83,466.924,119.135,59.9648,136.075,1,-1,-1,-1
135,9,187.426,90.7692,65.2664,148.103,1,-1,-1,-1
135,12,280.967,95.0662,68.0254,154.365,1,-1,-1,-1
135,73,388.611,114.123,63.3217,143.69,1,-1,-1,-1
135,83,468.15,120.738,58.6728,133.143,1,-1,-1,-1
136,9,186.639,87.1381,66.9175,151.85,1,-1,-1,-1
136,12,274.657,95.0428,68.0169,154.345,1,-1,-1,-1
136,73,387.88,110.573,62.3615,141.511,1,-1,-1,-1
136,83,466.359,117.826,60.8528,138.09,1,-1,-1,-1
137,9,186.182,85.1817,67.8319,153.925,1,-1,-1,-1
137,12,271.039,95.0242,68.0183,154.348,1,-1,-1,-1
137,73,386.031,107.679,65.3666,148.331,1,-1,-1,-1
137,83,465.542,116.25,62.0286,140.757,1,-1,-1,-1
138,9,182.457,81.9481,71.9224,163.207,1,-1,-1,-1
138,12,269.299,95.0113,68.0235,154.36,1,-1,-1,-1
138,73,385.265,106.161,67.1417,152.359,1,-1,-1,-1
138,83,461.226,109.709,65.9678,149.696,1,-1,-1,-1
139,9,178.077,82.721,70.5062,159.994,1,-1,-1,-1
139,12,268.709,95.0036,68.0293,154.373,1,-1,-1,-1
139,73,385.1,105.505,68.0603,154.444,1,-1,-1,-1
139,83,465.082,123.6,59.2309,134.408,1,-1,-1,-1
140,9,178.119,81.2114,73.005,165.664,1,-1,-1,-1
140,12,262.944,94.9996,68.0342,154.384,1,-1,-1,-1
140,73,385.218,105.334,68.4402,155.306,1,-1,-1,-1
140,83,459.774,115.205,60.5155,137.323,1,-1,-1,-1
141,9,176.19,82.7976,70.7525,160.553,1,-1,-1,-1
141,12,259.907,94.998,68.0376,154.392,1,-1,-1,-1
141,73,385.428,105.399,68.5183,155.483,1,-1,-1,-1
141,83,456.763,109.986,61.4002,139.33,1,-1,-1,-1
142,9,175.348,83.943,69.2244,157.085,1,-1,-1,-1
142,12,258.645,94.9977,68.0398,154.397,1,-1,-1,-1
142,73,385.634,105.549,68.4535,155.336,1,-1,-1,-1
142,83,455.338,107.176,61.9379,140.55,1,-1,-1,-1
143,9,180.913,84.6556,68.3258,155.046,1,-1,-1,-1
143,12,258.391,94.9981,68.0409,154.4,1,-1,-1,-1
143,73,385.796,105.705,68.3416,155.082,1,-1,-1,-1
143,83,454.874,105.956,62.2211,141.193,1,-1,-1,-1
143,96,307.49,191.004,29.2226,66.3132,1,-1,-1,-1
143,97,364.179,114.882,68.9831,156.538,1,-1,-1,-1
144,9,180.233,91.9054,64.5749,146.534,1,-1,-1,-1
144,12,252.255,94.9986,68.0414,154.401,1,-1,-1,-1
144,73,391.688,105.832,68.2326,154.835,1,-1,-1,-1
144,83,454.909,110.859,62.34,141.463,1,-1,-1,-1
144,96,306.819,195.311,27.2038,61.7318,1,-1,-1,-1
144,97,367.065,110.144,64.8001,147.045,1,-1,-1,-1
145,9,179.729,96.0926,62.4363,141.681,1,-1,-1,-1
145,12,248.998,94.9991,68.0416,154.401,1,-1,-1,-1
145,73,396.759,111.622,64.8512,147.161,1,-1,-1,-1
145,83,451.074,108.14,65.7862,149.283,1,-1,-1,-1
145,96,304.068,197.181,26.2427,59.5508,1,-1,-1,-1
145,97,365.402,103.035,66.5555,151.029,1,-1,-1,-1
145,99,18.9767,125.575,65.8246,149.371,1,-1,-1,-1
146,9,179.378,98.0714,61.4667,139.481,1,-1,-1,-1
146,12,247.624,94.9995,68.0415,154.401,1,-1,-1,-1
146,73,399.387,115.03,62.8264,142.566,1,-1,-1,-1
146,83,453.083,112.349,64.325,145.967,1,-1,-1,-1
146,96,300.371,192.422,27.2514,61.8399,1,-1,-1,-1
146,97,362.248,106.745,63.9998,145.229,1,-1,-1,-1
146,99,24.3379,121.706,69.3227,157.309,1,-1,-1,-1
147,9,177.361,97.4009,64.6915,146.799,1,-1,-1,-1
147,12,247.327,94.9998,68.0414,154.401,1,-1,-1,-1
147,73,400.427,116.691,61.8265,140.297,1,-1,-1,-1
147,83,450.483,109.092,66.6421,151.225,1,-1,-1,-1
147,97,360.736,110.003,62.5884,142.026,1,-1,-1,-1
147,99,25.5875,119.43,71.3498,161.908,1,-1,-1,-1
148,9,176.254,96.6783,66.6928,151.34,1,-1,-1,-1
148,12,247.546,94.9999,68.0413,154.401,1,-1,-1,-1
148,73,400.575,117.254,61.4814,139.514,1,-1,-1,-1
148,83,449.094,107.113,67.8814,154.038,1,-1,-1,-1
148,97,360.158,112.548,61.9149,140.498,1,-1,-1,-1
148,99,25.1489,124.618,72.6321,164.818,1,-1,-1,-1
149,9,177.453,97.1483,64.481,146.321,1,-1,-1,-1
149,12,247.936,95,68.0412,154.4,1,-1,-1,-1
149,73,400.313,117.234,61.488,139.529,1,-1,-1,-1
149,83,447.294,106.54,65.1483,147.835,1,-1,-1,-1
149,97,360.085,114.318,61.6909,139.989,1,-1,-1,-1
149,99,32.2119,111.237,76.9026,174.509,1,-1,-1,-1
150,9,178.289,97.3428,63.06,143.096,1,-1,-1,-1
150,12,248.32,95,68.0411,154.4,1,-1,-1,-1
150,73,399.933,116.971,61.6418,139.878,1,-1,-1,-1
150,83,450.37,104.893,57.788,131.134,1,-1,-1,-1
150,97,354.459,115.408,61.7048,140.021,1,-1,-1,-1
150,99,35.5571,103.522,79.2233,179.776,1,-1,-1,-1
151,9,177.028,90.3608,65.7028,149.094,1,-1,-1,-1
151,12,248.621,95.0001,68.041,154.4,1,-1,-1,-1
151,73,397.805,110.784,65.2747,148.122,1,-1,-1,-1
151,83,452.575,104.587,53.1715,120.658,1,-1,-1,-1
151,97,351.375,115.989,61.8168,140.275,1,-1,-1,-1
151,99,41.8387,108.77,77.0954,174.947,1,-1,-1,-1
152,9,176.301,86.351,67.2655,152.64,1,-1,-1,-1
152,12,248.826,95,68.041,154.4,1,-1,-1,-1
152,73,398.288,113.014,63.974,145.171,1,-1,-1,-1
152,83,448.603,105.141,53.7848,122.051,1,-1,-1,-1
152,97,349.998,116.236,61.947,140.571,1,-1,-1,-1
152,99,44.7336,112.48,75.6073,171.569,1,-1,-1,-1
153,9,175.939,84.3951,68.0725,154.471,1,-1,-1,-1
153,12,248.948,95,68.041,154.4,1,-1,-1,-1
153,73,398.642,109.373,63.0579,143.091,1,-1,-1,-1
153,83,447.251,105.918,57.9536,131.51,1,-1,-1,-1
153,97,349.622,116.292,62.0579,140.822,1,-1,-1,-1
153,99,45.6034,114.778,74.699,169.508,1,-1,-1,-1
154,9,175.8,89.4787,68.4037,155.223,1,-1,-1,-1
154,12,249.01,95,68.041,154.4,1,-1,-1,-1
154,73,398.867,107.354,62.4951,141.814,1,-1,-1,-1
154,83,441.392,105.813,64.0219,145.28,1,-1,-1,-1
154,97,349.747,116.256,62.138,141.004,1,-1,-1,-1
155,9,175.782,86.9762,68.4687,155.37,1,-1,-1,-1
155,12,249.035,95,68.041,154.4,1,-1,-1,-1
155,73,394.099,94.8428,73.0118,165.68,1,-1,-1,-1
155,83,438.311,106.006,67.2316,152.564,1,-1,-1,-1
155,97,349.367,109.576,56.5026,128.217,1,-1,-1,-1
156,9,175.819,85.5144,68.4085,155.234,1,-1,-1,-1
156,12,249.038,95,68.041,154.4,1,-1,-1,-1
156,73,390.356,104.487,68.4808,155.398,1,-1,-1,-1
156,83,436.345,111.811,65.4365,148.49,1,-1,-1,-1
157,9,177.568,91.6415,65.0198,147.544,1,-1,-1,-1
157,12,243.25,95,68.041,154.4,1,-1,-1,-1
157,83,436.247,109.382,67.3461,152.823,1,-1,-1,-1
157,99,61.2909,122.895,68.3276,155.05,1,-1,-1,-1
158,9,176.882,88.4266,66.3478,150.558,1,-1,-1,-1
158,12,239.935,95,68.041,154.4,1,-1,-1,-1
158,83,435.958,113.377,64.9878,147.471,1,-1,-1,-1
158,99,65.4988,119.967,71.1333,161.416,1,-1,-1,-1
158,105,342,137,52,118,1,-1,-1,-1
159,9,178.138,93.2863,63.9061,145.017,1,-1,-1,-1
159,12,244.126,95,68.041,154.4,1,-1,-1,-1
159,83,436.063,115.63,63.3991,143.866,1,-1,-1,-1
159,99,73.7588,117.949,72.9359,165.507,1,-1,-1,-1
159,105,334.901,115.769,59.3459,134.669,1,-1,-1,-1
160,9,177.101,89.1414,65.9129,149.571,1,-1,-1,-1
160,12,246.895,95,68.041,154.4,1,-1,-1,-1
160,73,394.366,106.935,68.3983,155.211,1,-1,-1,-1
160,83,436.306,116.671,62.4737,141.766,1,-1,-1,-1
160,99,77.9134,116.711,73.9605,167.832,1,-1,-1,-1
160,105,337.075,117.129,58.8724,133.596,1,-1,-1,-1
161,9,176.447,86.5626,67.1786,152.443,1,-1,-1,-1
161,12,248.496,95,68.041,154.4,1,-1,-1,-1
161,73,391.805,112.564,64.7334,146.894,1,-1,-1,-1
161,83,436.553,116.977,62.0269,140.752,1,-1,-1,-1
161,105,333.6,114.443,61.5605,139.695,1,-1,-1,-1
162,9,177.789,92.0366,64.5726,146.529,1,-1,-1,-1
162,12,247.508,96.0837,64.7395,146.908,1,-1,-1,-1
162,73,390.18,115.724,62.601,142.055,1,-1,-1,-1
162,83,436.75,116.907,61.8772,140.412,1,-1,-1,-1
162,105,331.892,113.66,62.7545,142.404,1,-1,-1,-1
163,9,179.109,85.9489,70.1122,159.099,1,-1,-1,-1
163,12,248.527,89.8155,66.1736,150.162,1,-1,-1,-1
163,73,389.263,117.136,61.6018,139.787,1,-1,-1,-1
163,83,436.285,125.894,58.8375,133.516,1,-1,-1,-1
163,105,331.199,113.793,63.1454,143.291,1,-1,-1,-1
164,9,179.262,91.5949,66.3479,150.557,1,-1,-1,-1
164,12,247.314,93.1086,63.8063,144.79,1,-1,-1,-1
164,73,388.825,117.501,61.305,139.114,1,-1,-1,-1
164,83,430.83,121.696,60.2355,136.688,1,-1,-1,-1
164,105,331.069,114.293,63.1245,143.243,1,-1,-1,-1
165,9,177.581,88.2468,67.1916,152.472,1,-1,-1,-1
165,12,248.256,88.3347,65.8692,149.471,1,-1,-1,-1
165,73,383.468,117.345,61.3688,139.259,1,-1,-1,-1
165,83,428.267,112.851,64.7057,146.831,1,-1,-1,-1
165,105,330.578,118.792,59.9373,136.012,1,-1,-1,-1
166,9,176.549,86.1711,67.7188,153.668,1,-1,-1,-1
166,12,250.472,92.4169,60.8696,138.127,1,-1,-1,-1
166,73,380.497,117.003,61.5711,139.718,1,-1,-1,-1
166,83,427.178,107.821,67.1817,152.45,1,-1,-1,-1
166,105,330.484,116.99,57.9107,131.414,1,-1,-1,-1
167,9,177.705,91.9234,64.7028,146.824,1,-1,-1,-1
167,12,254.096,95.224,60.9023,138.201,1,-1,-1,-1
167,73,379.142,116.652,61.7898,140.214,1,-1,-1,-1
167,83,420.542,105.357,68.3741,155.156,1,-1,-1,-1
167,105,331.11,111.152,59.9702,136.086,1,-1,-1,-1
168,9,176.732,88.4742,66.2692,150.379,1,-1,-1,-1
168,12,251.909,89.6994,64.672,146.755,1,-1,-1,-1
168,73,378.747,116.371,61.9703,140.623,1,-1,-1,-1
168,83,417.018,104.456,68.8031,156.129,1,-1,-1,-1
168,105,330.984,112.474,58.2015,132.074,1,-1,-1,-1
169,9,177.899,93.227,63.9427,145.1,1,-1,-1,-1
169,12,250.422,86.4788,66.888,151.784,1,-1,-1,-1
169,73,375.912,110.316,65.5323,148.707,1,-1,-1,-1
169,83,415.528,104.393,68.8279,156.186,1,-1,-1,-1
169,105,325.718,108.896,60.2977,136.83,1,-1,-1,-1
170,9,176.875,89.0507,65.9894,149.744,1,-1,-1,-1
170,12,249.515,90.624,68.0364,154.39,1,-1,-1,-1
170,73,374.559,106.943,67.4901,153.149,1,-1,-1,-1
170,83,415.201,104.695,68.6775,155.844,1,-1,-1,-1
170,105,322.744,107.023,61.5546,139.681,1,-1,-1,-1
170,113,123.884,104,74.286,168.57,1,-1,-1,-1
171,9,178.531,84.0443,70.9726,161.052,1,-1,-1,-1
171,12,247.251,94.3346,65.2386,148.041,1,-1,-1,-1
171,83,415.432,105.091,68.4836,155.404,1,-1,-1,-1
171,105,321.341,106.237,62.2133,141.176,1,-1,-1,-1
171,113,124.586,104,74.286,168.57,1,-1,-1,-1
172,9,177.256,83.7027,70.0718,159.008,1,-1,-1,-1
172,12,246.057,96.4892,63.4014,143.871,1,-1,-1,-1
172,83,415.852,105.444,68.3108,155.012,1,-1,-1,-1
172,105,320.885,106.064,62.4904,141.804,1,-1,-1,-1
172,113,128.146,132.16,63.7013,144.553,1,-1,-1,-1
173,9,176.46,83.8262,69.2737,157.197,1,-1,-1,-1
173,12,245.55,97.5229,62.3663,141.522,1,-1,-1,-1
173,83,423.504,123.003,59.461,134.93,1,-1,-1,-1
173,105,320.922,106.184,62.5516,141.943,1,-1,-1,-1
173,113,126.282,126.657,64.6927,146.802,1,-1,-1,-1
174,9,176.031,84.1219,68.6816,155.853,1,-1,-1,-1
174,12,245.432,97.8576,61.8942,140.451,1,-1,-1,-1
174,83,428.295,138.429,53.738,121.944,1,-1,-1,-1
174,105,321.159,106.402,62.5095,141.847,1,-1,-1,-1
174,113,131.375,122.434,65.7182,149.129,1,-1,-1,-1
175,9,175.845,84.4287,68.2987,154.985,1,-1,-1,-1
175,12,245.499,97.8235,61.7612,140.149,1,-1,-1,-1
175,83,422.899,128.948,60.7449,137.844,1,-1,-1,-1
175,105,321.432,106.617,62.4323,141.672,1,-1,-1,-1
175,113,138.512,140.549,57.5939,130.694,1,-1,-1,-1
176,9,175.798,84.6763,68.0836,154.496,1,-1,-1,-1
176,12,245.63,97.6397,61.7996,140.236,1,-1,-1,-1
176,83,427.014,139.254,55.7506,126.511,1,-1,-1,-1
176,105,321.663,106.786,62.3561,141.499,1,-1,-1,-1
176,113,140.097,148.806,55.4865,125.912,1,-1,-1,-1
177,9,177.524,91.7158,64.6794,146.772,1,-1,-1,-1
177,12,247.456,96.1839,65.3474,148.287,1,-1,-1,-1
177,83,428.741,155.088,48.252,109.495,1,-1,-1,-1
177,105,321.83,106.901,62.296,141.363,1,-1,-1,-1
177,113,141.996,144.641,58.1215,131.891,1,-1,-1,-1
177,118,369.768,116.493,61.9287,140.529,1,-1,-1,-1
178,9,176.831,88.8561,66.0836,149.958,1,-1,-1,-1
178,12,242.792,95.3942,67.3378,152.804,1,-1,-1,-1
178,105,316.124,99.9634,65.6815,149.045,1,-1,-1,-1
178,113,142.607,141.14,60.0471,136.26,1,-1,-1,-1
178,117,407.178,91.8143,70.1497,159.186,1,-1,-1,-1
178,118,372.537,136.512,55.0013,124.81,1,-1,-1,-1
179,9,172.565,76.2727,78.5137,178.165,1,-1,-1,-1
179,12,244.063,96.0698,65.0152,147.533,1,-1,-1,-1
179,105,313.456,102.973,64.2128,145.712,1,-1,-1,-1
179,113,145.257,119.724,68.6187,155.711,1,-1,-1,-1
179,117,402.921,88.0657,79.0594,179.405,1,-1,-1,-1
179,118,379.021,173.368,39.5039,89.6431,1,-1,-1,-1
